7.886249
1.548441
0.527569
0.467054
0.421014
0.35674
0.276658
0.266117
0.260168
0.280409
0.251865
0.263888
0.267065
0.184871
0.187035
0.181719
0.201301
0.170894
0.178971
0.221135
0.183778
0.164054
0.172092
0.173821
0.161865
0.160666
0.170048
0.18165
0.171473
0.175532
0.179081
0.181033
0.168682
0.179044
0.173683
0.178086
0.167613
0.1686
0.174446
0.23865
0.177936
0.178841
0.214371
0.192828
0.177547
0.173629
0.1724
0.168159
0.168536
0.169569
0.168315
0.173816
0.202401
0.173217
0.171458
0.171564
0.172995
0.172366
0.177166
0.170996
0.170885
0.172812
0.172687
0.166063
0.174373
0.165268
0.176569
0.169929
0.168743
0.176623
0.170903
0.173384
0.171373
0.167673
0.168647
0.168045
0.171045
0.165508
0.164228
0.167176
0.166254
0.171092
0.179895
0.204682
4.607767
0.388336
0.393475
0.274191
0.27474
0.261196
0.26611
0.262557
0.297973
0.277634
0.261345
0.265469
0.261999
0.260793
0.264985
0.261362
0.285638
0.268943
0.264172
0.271585
0.257927
0.268455
0.270749
0.263818
0.265638
0.25863
0.266304
0.254889
0.251176
0.258759
0.280409
0.266823
0.268177
0.262804
0.269043
0.267043
0.266834
0.291363
0.267121
0.29163
0.292153
0.264851
0.257511
0.255216
0.255381
0.27485
0.256604
0.264535
0.267165
0.261074
0.267116
0.267275
0.304415
0.283086
0.538623
0.180984
0.176887
0.162703
0.266687
0.22942
0.181714
0.226291
0.182623
0.159074
0.184206
0.164849
0.197817
0.24228
0.15862
0.150151
0.166012
0.157034
0.153982
0.14978
0.161771
0.143866
0.143714
0.147289
0.182431
0.14418
0.140075
0.140383
0.159733
0.14116
0.139438
0.139621
0.156885
0.143581
0.141498
0.14414
0.159742
0.14412
0.204949
0.228244
0.227285
0.236398
0.285793
0.211253
0.150706
0.147702
0.144839
0.14645
0.175503
0.143606
0.142525
0.146835
0.161602
0.148997
0.145625
0.141338
0.155659
0.140078
0.143376
0.142065
0.153943
0.505346
0.16589
0.15278
0.163982
0.148914
0.144414
0.149071
0.16735
0.141385
0.138699
0.138752
0.157252
0.139975
0.135948
0.135014
0.149655
0.136853
0.155181
0.136814
0.153295
0.134632
0.133282
0.1324
0.151394
0.138467
0.132701
0.130813
0.147962
0.131039
0.132097
0.138354
0.147581
0.165168
0.216224
0.221464
0.222214
0.288687
0.208842
0.136492
0.134845
0.133493
0.150366
0.13375
0.132404
0.130295
0.130565
0.130189
0.130411
0.129496
0.130785
0.128529
0.128344
0.128914
0.128739
0.152227
0.129126
0.139033
0.148846
0.129527
0.130184
0.129514
0.128587
0.128774
0.141975
0.128814
0.129527
0.129101
0.128556
0.128767
0.128117
0.133177
0.610274
0.211154
0.205495
0.211866
0.220672
0.215538
0.207969
0.212508
0.241033
0.211827
0.38579
0.158653
0.188429
0.158524
0.146597
0.139144
0.138761
0.138158
0.169834
0.154583
0.22003
0.230857
0.245275
0.263366
0.137223
0.159014
0.134418
0.130863
0.13156
0.139396
0.185067
0.145745
0.316048
0.144296
0.150435
0.151318
0.136975
0.13711
1.110379
0.212651
0.209649
0.215177
0.207718
0.210328
0.21635
0.208971
0.204709
0.207339
0.205722
0.206818
0.213971
0.204593
0.210404
0.143997
0.169669
0.146106
0.136895
0.133879
0.145054
0.132037
0.131458
0.129751
0.128053
0.14463
0.130529
0.169104
0.141062
0.139521
0.122783
0.129605
0.155301
0.238496
0.163482
0.171629
0.133973
0.131055
0.145182
0.136389
0.135361
0.139354
0.131756
0.130563
0.132017
0.128903
0.127311
0.122159
0.141158
0.125832
0.121203
0.120859
0.119642
0.123736
0.119046
0.11887
0.120041
0.119979
0.119814
0.120793
0.118934
0.118662
0.118742
0.118782
0.131607
0.119558
0.119393
0.118789
0.118535
0.119406
0.119048
0.119012
0.118397
0.118341
0.118201
0.118569
0.126042
0.119043
0.117989
0.119181
0.118389
0.123373
0.119315
0.118126
0.117333
0.11715
0.117268
0.12072
0.118228
0.202034
0.158375
0.139427
0.134801
0.133788
0.160092
0.220939
0.170645
0.13618
0.140684
0.129788
0.141374
0.127478
0.126525
0.124231
0.124002
0.12376
0.126489
0.237986
0.212655
0.210045
0.202276
0.214914
0.206243
0.312481
0.982108
0.213172
0.200483
0.203544
0.207595
0.278001
0.507419
0.224112
0.15574
0.145719
0.180161
0.150684
0.143401
0.143558
0.141599
0.132028
0.129783
0.126979
0.133474
0.126244
0.121609
0.121803
0.163469
0.124159
0.121393
0.121159
0.131048
0.126164
0.130656
0.151347
0.118562
0.118867
0.123627
0.123849
0.145494
0.125504
0.124751
0.125193
0.1177
3.644307
0.182133
0.139973
0.140454
0.133445
0.151084
0.135296
0.135913
0.142312
0.130019
0.129123
0.127324
0.12695
0.126115
0.121257
0.120373
0.120237
0.12185
0.118426
0.117342
0.125837
0.136616
0.123781
0.54961
0.134837
0.130746
0.128097
0.12727
0.124068
0.136248
0.122224
0.12301
0.126304
0.140911
0.134726
0.133176
0.131739
0.169816
0.12456
0.121643
0.12219
0.131006
0.124491
0.123547
0.119568
0.123449
0.130883
0.124382
0.140008
0.127427
0.124743
0.123388
0.129117
0.123079
0.125384
0.126453
0.12389
0.123402
0.122773
0.11555
0.124286
0.116065
0.125242
0.122567
0.122307
0.125723
0.121754
0.122693
0.143214
0.115562
0.121228
0.131792
0.12311
0.115077
0.115431
0.123847
0.12642
0.121805
0.115098
0.122996
0.128575
0.114575
0.125155
0.154018
0.131393
0.121885
0.120959
0.121674
0.121712
0.120631
0.12058
0.115602
0.114689
0.115667
0.114891
0.115119
0.123268
0.114809
0.115551
0.119537
0.115732
0.115453
0.115495
0.114711
0.115081
0.115008
0.114985
0.123139
0.115363
0.115056
0.117268
0.114381
0.114442
0.114241
0.114406
0.136894
0.116351
0.115803
0.115402
0.121542
0.156669
0.131549
0.117735
0.117039
0.129945
0.11627
0.131385
0.119604
0.115687
0.129824
0.115319
0.129556
0.115698
0.126295
0.115079
0.124083
0.115212
0.125014
0.114872
0.114814
0.11584
0.12515
0.121604
0.116333
0.114591
0.124685
0.114772
0.117236
0.115368
0.125081
0.121413
0.115419
0.114597
0.125318
0.122464
0.114872
0.114251
0.124656
0.119203
0.118923
0.114437
0.126643
0.114408
0.115627
0.11421
0.125307
0.123373
0.115326
0.115518
0.125199
0.115068
0.114693
0.114424
0.124854
0.115633
0.11468
0.114653
0.130881
0.113862
0.117638
0.118638
0.125391
0.114976
0.115531
0.114248
0.125175
0.114297
0.11493
0.131389
0.131861
0.115481
0.115043
0.11566
0.129917
0.115194
0.142407
0.11572
0.124914
0.115682
0.115412
0.154695
0.139512
0.115754
0.117609
0.188726
0.147349
0.120925
0.11754
0.116544
0.126008
0.121805
0.115853
0.124609
0.131099
0.115384
0.114974
0.114744
0.125737
0.11503
0.115197
0.115283
0.125279
0.114479
0.115081
0.121308
0.13447
0.119054
0.115771
0.114502
0.125402
0.116291
0.115207
0.114357
0.127561
0.114629
0.114876
0.121495
0.129209
0.115406
0.114112
0.114281
0.125821
0.13338
0.115067
0.113936
0.12552
0.114571
0.1225
0.114749
0.126691
0.115785
0.115455
0.11464
0.12564
0.157597
0.114945
0.113996
0.125171
0.165974
0.124988
0.115882
0.125433
0.115576
0.114936
0.122634
0.11484
0.118453
0.124507
0.114643
0.11482
0.11476
0.124879
0.114649
0.121674
0.113885
0.123852
0.133142
0.115108
0.114965
0.124413
0.114533
0.115758
0.154243
0.137354
0.131229
0.130598
0.137905
0.142482
0.126858
0.120199
0.128175
0.155798
0.115103
0.130077
0.125149
0.131645
0.138133
0.128293
0.124859
0.128977
0.134668
0.126333
0.125943
0.127271
0.13628
0.127569
0.125099
0.144966
0.135499
0.126415
0.124912
0.124081
0.136639
0.125146
0.124678
0.126064
0.136249
0.124433
0.127826
0.122952
0.138441
0.122656
0.145536
0.126694
0.136051
0.125614
0.124656
0.124739
0.142572
0.125028
0.124411
0.124647
0.14198
0.125769
0.132284
0.124282
0.134823
0.125273
0.127754
0.125925
0.140697
0.126887
0.124783
0.124259
0.135634
0.123984
0.130221
0.124104
0.135763
0.124723
0.1237
0.131807
0.141191
0.126224
0.124261
0.123701
0.137961
0.127308
0.123596
0.166094
0.137104
0.125644
0.123065
0.136969
0.155631
0.128075
0.126837
0.125077
0.137621
0.131369
0.1256
0.127454
0.135496
0.1245
0.124473
0.126616
0.138842
0.125217
0.12446
0.123698
0.134917
0.12785
0.123957
0.125039
0.137569
0.121709
0.126464
0.127333
0.135694
0.123553
0.12503
0.125407
0.138676
0.128471
0.12256
0.122986
0.141237
0.119217
0.142108
0.125944
0.134248
0.125122
0.123543
0.121921
0.138904
0.126353
0.121805
0.123019
0.134484
0.123126
0.122306
0.125736
0.134353
0.124128
0.123858
0.122244
0.140111
0.123133
0.122638
0.122576
0.136211
0.122818
0.130518
0.122023
0.133957
0.12417
0.122181
0.124482
0.132515
0.15233
0.123765
0.123538
0.137594
0.13655
0.127743
0.123337
0.142338
0.126396
0.122812
0.128416
0.150788
0.130957
0.119865
0.123006
0.153094
0.124399
0.126983
0.12264
0.136748
0.124387
0.126438
0.121959
0.1373
0.124358
0.123517
0.122489
0.135222
0.12334
0.125806
0.12327
0.149056
0.125045
0.124964
0.126177
0.135253
0.121799
0.122778
0.122678
0.133035
0.12546
0.122966
0.118513
0.506913
0.143338
0.137893
5.49457
0.233162
0.21672
0.231126
0.203433
0.20049
0.198372
0.195486
0.192271
0.205967
0.19871
0.233883
0.223825
0.208992
0.193365
0.192797
0.187899
0.185547
0.181471
0.186986
0.181686
0.191844
0.185648
0.184605
0.193293
0.183819
0.18046
0.1854
0.184304
0.183643
0.186336
0.184006
0.181141
0.196668
0.189274
0.191839
0.196485
0.182476
0.187986
0.191829
0.197201
0.189973
0.18969
0.188068
0.18786
0.189648
0.185088
0.190062
0.196274
0.183648
0.206833
2.173304
0.242182
0.213226
0.200742
0.196357
0.199536
0.194789
0.207497
0.318825
0.246641
0.208221
0.191575
0.210811
