12.743745
0.644574
1.41525
0.844405
0.264837
0.289477
0.224952
0.224969
0.245487
0.181389
0.193506
0.228682
1.926603
0.265393
0.338961
0.316304
0.200076
0.26756
0.266638
0.418747
0.427209
0.27969
0.279379
0.226158
0.188332
0.215037
0.248983
0.226945
0.241882
0.29282
0.260732
0.353583
0.254423
0.208946
0.278276
0.250597
0.298932
0.227568
0.253982
0.251406
0.209325
0.36391
0.242356
0.280951
0.273589
0.306709
0.351211
0.377341
1.380248
0.406663
0.333789
0.306376
0.264053
0.241951
0.280953
0.235028
0.266696
0.296335
0.22376
0.270528
0.270166
0.252113
0.405932
0.26824
0.265659
0.24723
0.253167
0.265309
0.205146
0.214226
0.320573
0.297028
0.20889
0.25336
0.258935
0.410836
0.394244
0.419801
0.500842
0.37671
0.341073
0.34968
0.356483
0.356331
0.421647
0.292881
0.322665
0.248703
0.420462
0.208577
0.407737
0.906629
1.171978
0.345068
0.257687
0.32802
0.267984
0.264561
0.435233
0.398841
0.360432
1.010413
0.871083
2.014922
1.136194
1.815087
1.693791
0.772681
2.887731
1.019165
1.458897
0.562028
0.360508
0.288448
0.318669
0.304782
0.233376
0.255692
0.263413
0.248986
0.283537
0.252524
0.230058
0.323057
0.404437
0.462806
0.826442
0.376916
0.344498
0.359564
0.365753
0.36735
0.32139
0.335668
0.442029
0.332769
0.289156
0.243454
0.593438
0.456258
0.35029
0.366669
0.278374
0.279346
0.486036
0.247571
0.218958
0.277023
0.237426
0.279756
0.256117
0.222385
0.238443
2.327633
0.33655
0.297896
0.660211
0.330979
0.309871
1.029275
0.290732
0.787786
0.639407
0.632256
0.228363
0.251186
0.247377
0.213115
0.273073
0.226583
0.390626
0.250892
0.244648
0.313968
0.185592
0.21733
0.25518
0.244139
0.245736
0.228775
0.216119
0.236638
0.22985
0.232057
0.24212
0.197577
0.257655
0.267861
0.277757
0.232078
0.209783
0.264804
0.252631
0.226735
0.236965
0.225224
0.236767
0.18824
0.224999
0.222421
0.255054
0.284987
0.239803
0.218622
0.281917
0.267948
0.244304
0.323653
0.275985
0.316245
0.242485
0.301253
0.26249
0.222637
0.287891
0.28758
0.226828
0.247156
0.294341
0.306295
0.364395
0.29113
0.312908
0.329949
0.358407
0.333971
0.364154
0.31899
0.2881
0.212212
0.235968
0.225504
0.261393
0.210145
0.268336
0.560647
0.331259
1.576218
0.319094
0.278844
2.979572
0.76614
1.351387
1.519833
0.772061
2.189224
1.04006
1.258823
1.702182
0.960549
0.58137
0.244392
0.238169
0.200038
0.24709
0.237144
0.232466
0.306385
0.417313
0.483603
0.34509
0.312764
0.58396
0.365326
0.317523
0.353264
0.30981
0.3665
0.375738
0.258181
0.192052
0.247635
0.244412
0.342824
0.242117
0.212528
0.202989
0.178286
0.231435
0.914265
0.244543
0.302103
0.343897
0.3412
0.279017
0.295494
0.208223
0.298669
0.668186
0.54539
0.235169
0.310791
0.249147
0.855881
0.320771
0.542021
0.597448
2.179556
0.427049
0.295478
0.275689
0.360613
0.301765
0.267524
0.313751
0.403475
0.186536
0.195026
0.264863
0.257094
0.194263
0.322255
0.27262
0.2092
0.291041
0.248568
0.221899
0.178531
0.242552
0.228467
0.206151
0.198266
0.237584
0.210631
0.20844
0.195884
0.173194
0.193782
0.229989
0.260571
0.250116
0.212263
0.218701
0.183663
0.205431
0.237538
0.191825
0.214991
0.23763
0.227177
0.282056
0.242457
0.216197
0.252181
0.189001
0.277406
0.18444
0.219233
0.272842
0.235004
0.268211
0.2715
0.273591
0.285509
0.210987
0.318512
0.306847
0.286623
0.293167
0.302102
0.278648
0.31714
0.697001
0.420737
0.316355
0.277979
0.271942
0.274338
0.704771
5.388932
0.358072
0.237063
0.348761
0.274051
0.261061
0.235979
0.247174
0.232259
0.206631
0.178486
0.248855
0.269042
0.179831
0.186264
0.279334
0.274881
0.280491
0.366668
0.276205
0.261744
0.506826
0.216263
0.391724
9.269073
2.8034
0.444815
0.643543
1.09557
0.30847
0.855071
1.90449
0.484831
0.275495
0.698126
0.829167
0.417932
0.907202
0.265775
0.263401
0.227875
0.289803
0.28949
0.248717
0.254725
0.326423
0.276784
0.245127
0.1686
0.173324
0.220646
0.352213
0.241911
0.240298
0.281504
0.212494
0.252609
0.295571
0.601791
0.909622
0.220991
0.446909
0.264539
0.241302
0.9541
0.29226
0.25086
0.275496
0.242398
0.336885
0.325696
0.238739
0.235962
0.24572
0.20212
0.168408
0.203801
0.208066
0.197811
0.246783
0.288573
0.266085
0.193293
0.22772
0.221573
0.187587
0.207111
0.22151
0.170363
1.200293
0.22834
0.270201
0.269504
0.170387
0.165092
0.251126
0.175785
0.168312
0.221059
0.161903
0.212051
0.199114
0.1975
0.332866
0.22803
0.165786
0.269181
0.244988
0.176654
0.198011
0.166643
0.177472
0.191362
0.247407
0.38725
0.264232
0.325854
1.01886
1.992226
1.62998
0.220153
0.218689
1.322324
1.051792
0.846603
0.566976
0.242187
0.208369
0.393946
0.256093
0.267207
0.239507
0.183714
0.226586
0.224731
0.208791
0.358695
0.230064
0.215703
0.227992
0.169325
0.24225
0.266304
0.177262
0.282506
0.219736
0.22236
0.18576
0.216781
0.208069
0.185679
0.469192
0.213065
1.459201
0.173357
0.740815
1.577583
0.360919
0.243843
0.282033
0.256278
0.230721
0.277584
0.254117
0.265235
0.256595
0.180083
0.232497
0.241993
0.14987
0.212563
0.267173
0.209167
0.295054
0.280862
0.378295
0.392243
0.364103
0.293234
0.244951
0.251438
0.304074
0.283897
0.373857
0.49301
0.560234
0.347571
0.251701
0.194789
0.215585
0.255404
0.223747
0.244734
0.229648
0.34031
0.251862
0.246173
0.176815
0.21367
0.181277
0.166188
0.204387
0.198411
0.177709
0.248287
0.221826
2.129165
0.316461
0.252578
0.335138
0.230953
0.211626
0.199293
0.235713
0.291261
0.260471
0.264925
0.228261
0.21916
0.27872
0.242771
0.255082
0.732685
2.156874
0.34687
0.330148
0.231625
0.309753
0.284492
0.356819
6.700691
0.957742
4.369454
0.364384
2.651364
0.810266
0.155773
1.216687
0.563399
0.342866
0.280979
0.259816
1.355598
0.278859
0.862483
0.237152
0.326617
0.295796
0.233953
0.273743
0.263759
0.393499
0.254544
0.307615
0.270162
0.295663
0.199218
0.227967
0.211627
0.249435
0.280982
0.340841
0.281727
0.279649
0.250586
0.680106
0.396
0.992427
0.188777
0.246357
0.258857
0.178245
0.255024
0.366007
0.237587
0.24003
0.197236
0.249364
0.26511
0.256397
0.23168
0.330319
0.255761
1.095269
0.557851
0.26455
0.18802
0.231752
0.330481
0.292678
0.274317
0.187685
0.239934
0.218197
0.215432
0.247884
0.193738
0.300166
0.218552
0.285796
0.244936
0.356509
0.259111
0.284087
0.229647
0.244283
0.622144
1.260137
0.307892
1.315807
1.287109
0.635394
0.515058
0.260144
0.218804
0.210025
0.273322
0.280676
0.212464
0.272669
0.29065
0.203035
0.246558
3.451513
2.218534
1.71678
0.248912
0.329772
0.238602
0.305107
0.303235
0.18785
0.16089
0.227318
0.224398
0.19862
0.28328
0.234544
0.223689
0.24143
0.845299
0.377677
0.31207
0.257504
0.255596
0.260692
0.254687
0.269663
0.261151
0.254591
0.585328
0.27142
0.184184
0.2344
0.289332
0.274831
0.240778
0.322676
0.268142
0.310245
0.267902
0.213107
0.266231
0.199385
0.236016
0.250864
0.214865
0.31771
0.360098
0.517161
0.759551
0.585732
0.446469
0.389077
0.278179
0.320011
0.280205
0.295581
0.45107
0.497734
1.281338
2.325703
2.204828
4.993211
1.217748
1.70668
0.783585
1.136567
0.85216
0.968057
1.611398
0.388965
0.318594
0.270096
0.308993
0.304128
0.311226
0.423466
0.337608
0.293032
0.232497
0.178805
0.198967
0.229099
0.262227
0.284201
0.262883
0.303993
0.281555
0.242882
0.41019
0.175566
0.251495
0.633105
0.450657
0.287699
0.284513
0.29298
2.456448
0.281449
0.284787
0.243313
0.247595
0.278501
0.25464
0.234112
0.242923
0.457021
0.256379
0.285591
0.259521
0.244095
0.254495
0.629183
1.679927
0.79315
0.446372
0.326167
0.294856
0.231806
0.336029
0.284939
0.263398
0.800179
4.2286
1.520568
2.236583
0.24724
1.24477
2.426142
0.275283
0.315757
0.425036
0.178391
0.228987
0.204397
0.389942
0.271614
0.225819
0.238653
0.428809
0.280284
8.233129
0.342409
0.442382
0.277193
0.589109
0.384252
0.192457
0.29655
0.259172
0.207152
0.26896
0.228778
0.425692
0.235637
0.918171
1.271763
0.389383
0.195004
0.234027
0.257028
0.261802
0.219222
0.30421
0.241534
0.224551
0.296003
0.185188
3.721232
0.576722
0.590679
0.153704
0.250847
0.260584
0.345983
0.237344
0.191285
0.195267
0.22856
0.207774
0.202148
0.196129
0.171898
0.231608
0.254472
0.257518
0.146901
0.194161
0.369645
0.373634
0.272612
1.226773
1.56653
4.01825
0.231176
8.398644
0.348266
0.248281
0.228234
0.206987
1.54603
0.246354
0.295986
0.206483
0.243474
0.162302
0.281921
0.203016
0.22933
0.170113
0.217448
0.239964
0.213528
0.176238
0.259095
0.618177
0.400498
0.243307
0.269195
0.145391
0.200792
0.212839
0.46654
0.265272
0.405645
0.194944
0.326762
0.24777
0.230079
0.205583
0.227509
0.235986
0.265237
0.213615
0.214958
0.210295
0.180205
0.479974
0.354363
0.240636
0.227709
0.220223
0.184937
0.251526
0.205727
0.275267
0.246301
0.821355
0.30977
0.212275
0.241971
0.215025
0.197157
0.246551
0.175437
0.297274
0.189615
0.361626
0.277005
0.263999
0.208325
0.264766
0.155803
0.250898
0.22362
0.259237
0.226466
0.223852
0.177809
0.148117
0.239721
0.206932
0.176475
0.233641
0.208346
0.187945
0.203543
5.617011
6.342789
6.886221
0.867446
1.42578
0.278289
0.477341
0.263539
0.304495
0.285927
0.196913
0.217139
0.201255
0.231342
0.275938
0.24019
0.593891
0.319955
0.389094
0.377628
0.207875
0.248165
0.19287
0.216459
0.238318
0.201294
0.251727
0.233007
0.306479
0.254082
0.509122
0.238291
0.482667
19.141617
0.532056
0.349978
0.345343
0.261809
0.245867
0.285354
0.219227
0.204284
0.227905
0.277477
0.265821
0.238825
0.261375
0.193011
0.231981
0.193099
0.231239
0.221513
0.207044
0.227365
0.206667
0.197353
0.280933
0.191876
0.24963
0.225303
0.226219
0.256087
0.350349
0.347335
0.328686
0.258456
0.241324
0.26535
0.220779
0.216713
0.283744
0.215772
0.22274
0.246882
0.238756
0.243927
0.258215
0.252484
0.277371
0.220128
0.25394
0.264735
0.228289
0.451121
0.370782
0.575445
0.909357
0.514518
0.297232
0.330224
0.258128
0.307576
0.253013
0.230815
0.283744
0.234303
0.213327
0.281913
0.234051
0.304992
0.244142
0.22532
0.291862
0.270498
0.33276
0.250286
0.263765
0.223227
0.30383
0.294597
0.395831
0.404703
0.366346
0.795315
0.760857
1.440247
1.253685
0.722366
2.102238
1.587257
0.863767
1.43945
0.837338
0.485206
1.212137
1.465536
0.818699
0.295137
0.365707
0.285014
0.263939
0.228937
0.297219
0.297774
0.324659
0.25561
0.256933
0.239435
0.247678
0.22929
0.210548
0.261555
0.254184
0.229923
0.247712
0.255413
0.218427
0.216679
0.275076
0.29677
0.276232
0.237312
0.26408
0.305965
0.333314
0.249578
0.290101
0.509328
0.300204
0.302105
0.261221
0.365132
0.589764
0.922259
0.949494
0.308958
0.357556
0.297954
0.228168
0.263624
0.261134
0.419344
0.719026
0.443668
0.28974
1.013135
0.470755
0.345322
0.375163
0.420945
0.25525
0.279151
0.321499
0.31054
0.263161
2.151255
0.310207
0.394726
0.376348
0.43216
0.84532
1.102156
1.105161
0.751578
1.959075
1.415645
2.392295
1.389415
1.160971
1.559044
1.514046
1.612297
1.14457
0.817058
0.470493
0.211031
0.248459
0.319764
0.192797
0.27618
0.308178
0.297022
0.315952
0.456301
0.31976
0.272195
0.314288
0.338729
0.262131
0.267015
0.270928
0.33585
0.779973
0.305768
0.321707
0.272997
0.263482
0.251753
0.229035
0.232962
0.253031
0.209988
0.277952
0.208223
0.192679
0.288537
0.223878
0.229952
0.272957
0.244188
0.20927
0.230092
0.243705
0.245907
0.304212
0.352197
0.259019
0.288367
0.255624
0.325448
0.215781
0.197654
0.193103
0.191576
0.206907
0.295457
0.245239
0.245436
0.286946
0.231799
0.211319
0.31139
0.281449
0.24132
0.232961
0.19611
0.239974
0.272532
0.325106
0.226743
0.51757
0.37141
0.373822
0.409619
0.402815
0.472535
1.255852
0.984488
1.013783
1.317143
1.08735
1.072254
1.765693
1.12785
2.008053
1.231776
0.60705
0.833544
1.420844
0.575211
0.348141
0.26676
0.487065
0.296631
0.363989
0.268769
0.247764
0.243367
0.234569
0.253528
0.267884
0.267939
0.208817
0.293785
0.22153
0.250439
0.250137
0.226368
0.209145
0.220477
0.218563
0.302817
0.316267
1.916201
0.902953
0.413143
0.78398
0.416003
0.301429
0.311716
0.243127
0.20794
0.199032
0.242093
0.245945
0.206514
0.260906
0.23839
0.244906
0.2721
0.262994
0.188513
0.271828
0.203125
0.208728
0.222639
0.289993
0.248806
0.280317
0.231177
0.214007
0.259481
0.199658
0.240406
0.258085
0.193553
0.26968
0.198115
0.220672
0.297002
0.300636
0.204874
0.225402
0.272062
0.230864
0.324741
0.371964
0.377285
0.373388
0.7098
0.699087
1.799147
1.013145
1.053928
0.47079
2.031952
1.223083
0.806225
1.229207
0.687111
0.281557
0.271181
0.338711
0.294405
0.454865
0.389022
0.241833
0.23192
0.280151
0.262834
0.248499
0.262917
0.262594
0.271474
0.243561
0.19616
0.234943
0.275488
0.257059
0.233531
0.230793
0.259728
0.236491
3.865152
0.270658
0.224767
0.233348
1.642281
0.711827
4.012022
0.324009
0.248722
0.25821
0.429425
0.32104
0.27243
0.261172
0.216079
0.281415
0.216781
0.192218
0.199556
0.208677
0.28576
0.189103
0.198409
0.258717
0.448025
1.156153
0.332941
0.259262
0.314662
0.231063
0.170128
0.229109
0.315242
0.276278
0.856981
1.331034
0.372857
0.433629
0.781428
0.406836
0.231837
0.211746
0.171269
0.227185
0.214614
0.189812
0.172614
0.183189
0.648566
0.362382
0.396614
0.243189
0.234988
0.21692
0.222933
0.372161
0.234649
0.276618
0.247442
0.272288
0.26969
0.220481
0.21869
0.282435
0.332576
0.233253
0.192542
0.341694
0.263624
0.23696
0.242328
0.217809
0.196646
0.170628
0.210105
0.218452
0.185663
0.199036
0.244939
0.214639
0.247455
0.177158
0.193213
0.308279
0.287974
0.291398
0.253002
0.198073
0.266231
0.201148
0.191797
0.210433
0.217541
0.206487
0.190642
0.183401
0.167197
0.173141
0.239902
0.175996
0.188436
0.239912
0.226224
0.267187
0.191716
0.237566
0.203649
0.210838
0.189509
0.199107
0.187668
0.195837
0.212779
0.194827
0.192753
0.246151
0.191381
0.247853
0.184283
0.20968
0.198748
0.221071
0.176825
0.234366
0.322426
0.292976
0.386425
0.425138
0.335111
0.356467
0.400104
0.404802
0.382049
0.555893
0.280868
5.596167
1.230756
1.707868
0.900939
1.511697
1.795304
0.806879
0.589108
0.247131
0.268611
0.840917
0.32715
0.181845
0.367826
0.285554
0.20344
0.169541
0.246675
0.198578
0.212665
0.185165
0.165967
0.338325
0.328872
0.220613
0.19142
0.218834
0.251151
0.281592
0.177525
0.228129
0.215347
0.231552
0.291717
0.422607
0.257713
0.246064
0.254197
0.226895
0.233073
0.267342
0.19488
0.352537
0.195397
0.196685
0.207472
0.245976
0.226407
0.253866
0.230485
0.295326
0.244718
0.208053
0.192153
0.173634
0.18111
0.174092
0.253425
0.246597
0.241756
0.802245
0.400027
0.328019
0.290833
0.322234
0.306662
0.303058
0.222174
0.517071
0.538625
0.43767
0.243329
0.252809
0.185437
0.317131
0.285432
0.193771
0.34978
0.337254
0.653766
0.547296
0.365338
0.214922
0.241743
0.173731
0.279229
0.268089
0.264224
0.203852
0.310599
0.19419
0.400895
0.274621
0.228928
0.221374
0.275861
0.257656
0.19652
0.315457
0.286645
0.287051
0.206408
0.198991
0.197636
0.206098
0.245394
0.297022
0.226844
0.37681
0.277675
0.284245
0.273253
0.192817
0.237833
0.217953
0.28408
0.216035
0.328536
0.43131
0.4084
0.262696
0.536485
0.33961
1.257117
1.347112
1.234905
0.654076
2.615211
1.321046
1.211141
1.17801
1.108621
2.263353
0.455391
0.266929
0.336186
0.312823
0.3511
0.297513
0.597302
0.450209
0.314755
0.237608
0.203488
0.256558
0.253704
0.194584
0.323557
0.287196
0.375955
0.260883
0.274623
0.204359
0.24593
0.284961
0.299594
0.264073
0.293103
0.299115
0.324551
0.223343
0.609407
0.316165
0.66744
0.591771
0.400785
0.281421
0.24483
0.226222
0.257214
0.309088
0.237248
0.174759
0.316374
0.48851
0.440273
0.632433
0.279347
0.276265
0.24583
0.307427
0.250338
0.181986
0.219052
0.218881
0.199636
0.243933
0.241359
0.229591
0.293605
0.235917
0.230392
0.234645
0.181797
0.221359
0.258897
0.229507
0.229387
0.232498
0.205036
0.268484
0.387764
0.366312
0.264509
0.279479
0.233576
0.172725
0.20306
0.24476
0.226893
0.230892
0.27739
0.286066
0.243155
0.228398
0.21747
0.192845
0.203114
0.229724
0.170855
0.248822
0.221612
0.228761
0.315014
0.239932
0.250084
0.206398
0.237596
0.171917
0.293093
0.250226
0.245959
0.221175
0.27428
0.300292
0.363293
0.615759
0.517861
0.409613
0.303071
0.291227
0.279571
0.282985
0.290453
0.309581
0.285045
0.211184
0.227327
0.218073
0.192997
0.313056
0.436
0.178155
0.302648
0.332212
0.630566
0.689187
0.492741
0.363366
0.248258
0.38659
0.267445
0.242131
0.250188
0.233982
0.21797
0.244746
0.258825
0.242162
0.250779
0.242691
0.230152
0.267249
0.278071
0.294766
0.298915
0.227751
0.220307
0.187424
0.246235
0.304505
0.234915
0.230928
0.212706
0.300287
0.358899
0.226473
0.217029
0.982691
0.290435
0.260711
0.626028
1.106525
1.564499
1.484888
1.284
0.79315
1.360578
2.242378
0.983617
1.374788
0.661288
1.782136
1.375476
0.395593
0.248884
0.235735
0.264817
0.272981
0.32353
0.814901
0.376794
0.27121
0.468819
0.277341
0.235069
0.231619
0.239356
0.322408
0.225894
0.180705
0.249689
0.182729
0.25098
0.170336
0.242588
0.217897
0.235169
0.255344
0.242297
0.225976
0.219604
0.22531
0.264779
0.229869
0.242353
0.227739
0.238836
0.246153
0.205833
0.682836
0.820679
0.739389
0.396103
0.241245
0.225612
0.204585
0.348267
0.182551
0.245494
0.435196
0.259742
0.270406
0.257026
0.334516
0.26486
0.247325
0.248532
0.190944
0.27507
0.231474
0.217966
0.430625
0.364643
0.294873
4.474795
0.473874
0.281755
0.23942
0.237645
0.23976
0.233974
0.248354
2.334072
0.23328
0.407924
0.23706
0.224738
0.22336
0.221903
0.354957
0.278339
0.236108
0.280632
0.226703
0.206453
0.221603
0.21069
0.235062
0.212529
0.219441
0.224584
0.227324
0.230532
0.231705
0.256088
0.281908
2.591072
6.575333
0.673092
0.887697
0.817032
0.485783
0.444978
1.146717
1.051844
1.050275
0.735129
0.27612
0.252491
0.204746
0.160245
0.138809
0.14328
0.188474
0.192095
0.183898
0.217324
0.763787
0.245074
0.238033
0.224115
0.237965
0.235576
0.266722
0.240646
0.236361
0.236161
0.250874
0.257078
0.274104
0.168281
0.213672
0.326786
0.14098
0.139153
0.207034
0.149311
0.212221
0.251993
0.233673
0.22554
0.225991
0.291568
0.274729
0.21565
0.231788
0.183941
0.188367
0.197035
0.208342
0.207874
0.154732
0.214145
0.228508
0.209029
0.277546
0.261755
0.252138
2.274443
0.623688
0.449363
0.371876
0.226127
0.230518
0.232715
0.201327
0.244437
0.22118
0.150899
0.216879
0.151691
0.188021
0.219388
0.987765
0.531564
0.820428
1.432074
1.24565
1.367382
1.13608
0.222985
1.673297
6.439456
0.420803
0.232853
0.195907
0.216098
1.834203
0.233924
0.216258
0.232042
0.247165
0.215254
0.254936
0.205348
0.211507
0.194165
0.212405
0.207347
0.218378
0.208103
0.21056
0.211976
1.215047
7.30013
0.526327
0.328985
0.301938
0.278761
0.216263
0.236329
0.286983
0.191988
0.276605
0.240947
0.28812
0.383452
0.286649
0.206448
0.221632
0.217674
0.266334
0.260154
0.295781
0.243963
0.291787
0.216743
0.217572
0.223845
0.241366
0.269098
0.345092
0.25523
0.258383
0.252793
0.336927
0.271961
0.25272
0.237155
0.233886
0.275534
0.305256
0.37688
0.227849
0.319535
0.247813
0.224539
0.317795
0.273402
0.342973
0.32948
0.23163
0.249358
0.241258
0.272865
0.282126
0.245928
0.210731
0.256449
0.217826
0.25484
0.259619
0.246496
0.23516
0.249664
0.289399
0.236333
0.229311
0.246752
0.280398
0.250782
0.297661
0.325474
0.251843
0.239424
0.258502
0.219191
0.265078
0.263842
0.239309
0.268827
0.239576
0.238396
0.232571
0.236374
0.232123
0.236917
0.229109
0.257421
0.257202
0.296901
0.38609
0.413832
0.428365
0.421204
0.714249
1.554708
1.865719
1.371124
1.919228
0.790046
2.88034
2.577644
1.228629
0.381103
0.427615
1.080049
0.318954
0.322432
0.346168
0.283972
1.040203
0.384688
0.310022
0.287642
0.316537
0.914305
0.262969
0.254838
0.235053
0.249247
0.262554
0.241021
0.271665
0.350206
0.33415
0.228549
0.325267
0.385616
0.298001
0.316442
0.306762
0.268939
0.273221
0.287256
0.303458
0.257929
0.252461
0.268891
0.247492
0.306919
0.468757
0.308555
0.429702
0.315723
0.281406
0.239389
0.246605
0.237132
0.262489
0.229175
0.300066
0.260823
0.302287
0.278818
0.258231
0.242952
0.350388
0.262713
0.20679
0.182159
0.277816
0.240222
0.266325
0.220059
0.212715
0.280019
0.315361
0.202817
0.241333
0.22219
0.193589
0.284736
0.259988
0.305074
0.384189
0.347142
0.324726
0.361729
0.293756
0.289729
0.29783
0.287573
0.289475
0.292422
0.423011
0.352512
0.308568
0.284919
0.246512
0.219931
0.263153
0.252692
0.242312
0.238424
0.216015
0.255523
0.28092
0.239211
0.212805
0.205286
0.280621
0.237393
0.227504
0.250762
0.262923
0.289093
0.218057
0.261901
0.233314
0.299225
0.249691
0.368414
0.238883
0.293622
0.354725
0.226163
0.213856
0.245376
0.224628
0.210169
0.224602
0.250288
0.246633
0.258992
0.252567
0.232723
0.221088
0.247236
0.233356
0.310588
0.243367
0.225272
0.188975
0.257911
0.217089
0.224504
0.235417
0.19521
0.760781
0.966034
2.131175
0.342447
0.232964
0.318555
0.276984
0.275744
0.314996
0.50915
0.637993
0.412674
1.079702
2.243186
7.366565
0.419131
0.274777
0.392212
0.68412
0.605605
1.161104
0.72784
0.305153
0.302559
0.225214
0.209713
0.203123
0.275019
0.217877
0.317962
0.261891
0.20483
0.186209
0.23977
0.278804
0.306693
0.641702
0.320872
0.212705
0.191452
0.259711
0.294124
0.316865
0.983267
0.295232
0.245788
0.2321
0.231707
0.268904
0.363476
0.347109
0.28634
0.219749
0.251829
0.190802
0.199189
0.200203
0.209679
0.265162
0.266438
0.211893
0.32784
0.200163
0.199331
0.218749
0.204885
0.199768
0.206761
0.266313
0.21715
0.275059
0.360759
0.214949
0.381232
0.290595
0.23443
0.196428
0.298827
0.250146
0.17695
0.336122
0.264016
0.28957
0.40933
0.253897
0.217627
0.267975
0.254342
0.236395
0.331795
0.269274
0.283887
0.227523
0.182345
0.196682
0.237642
0.26064
0.224535
0.345297
0.279492
0.374064
0.267684
0.237645
0.257079
0.278739
0.43205
0.395597
0.472394
0.340819
0.437337
0.265585
0.283903
0.287241
0.336117
0.352916
0.314742
0.2326
0.385831
0.298413
0.306725
0.234688
0.219109
0.197013
0.182387
0.233066
0.3642
0.421688
0.255291
1.001146
0.414662
1.098676
1.235511
10.633551
2.379855
0.488691
0.359528
0.311149
0.302031
0.286894
0.282711
0.270073
0.255398
0.255413
0.250779
0.348217
0.264341
0.252792
0.262215
0.258821
0.239575
0.225449
0.326896
0.252014
0.260023
0.253523
0.262816
0.218987
0.231718
0.227184
0.229893
0.247455
0.924253
0.504214
1.341121
0.961947
0.818152
0.294999
0.174927
0.149374
0.258784
0.278461
0.228598
0.773459
0.306464
0.241055
0.235689
0.220113
0.211337
3.522439
2.626311
2.364953
1.115812
0.922173
0.662984
2.569027
0.358924
0.254969
0.251907
0.242497
0.232544
0.233145
0.241208
0.24202
0.235383
0.287128
0.36174
0.241574
0.276354
0.199804
0.213228
0.152887
0.2129
0.173023
0.697631
0.246322
0.206961
0.216568
0.276198
0.236903
0.21097
0.204383
0.207623
0.225641
0.208331
0.139135
0.129047
0.212626
0.148507
0.220721
0.198275
0.409839
0.237138
0.231408
0.198815
0.184968
0.256069
0.221569
0.219776
0.200741
0.181246
0.215972
0.234174
0.224211
0.241592
0.440385
1.354293
0.337597
0.290764
0.162865
0.170173
0.149278
0.191513
0.180546
0.227904
0.211819
0.206042
0.198494
0.221833
0.222782
0.349059
0.861441
0.445774
0.405844
0.196089
0.215847
0.159103
0.141371
0.218525
0.218763
0.201928
0.211708
0.200489
0.205879
0.211223
0.221829
0.203931
0.138303
0.215257
0.385994
0.444591
2.445515
1.545459
1.134847
0.625349
0.82579
1.079721
1.033231
0.951411
0.405542
0.244771
0.206635
0.304365
0.197234
0.181761
0.168573
0.211445
0.15373
0.191492
0.201916
0.20281
0.193077
0.186415
0.255524
0.276744
0.597302
0.536024
0.34796
0.456107
0.268916
0.21744
0.220292
0.202964
0.205245
0.230089
0.244358
0.299644
0.213601
0.195043
0.1615
0.226521
0.200204
0.186676
0.168669
0.24053
0.396586
0.218548
0.238675
0.237401
0.177427
0.400747
0.186121
0.211342
0.139092
0.198694
0.180133
0.149357
0.241639
1.305748
0.207066
0.205019
0.213258
0.254204
0.265278
0.227005
0.221312
0.161992
0.226751
0.207019
0.217359
0.224531
0.212856
0.276506
0.39656
0.227037
0.280347
0.180393
0.211162
0.159928
0.142863
0.203721
0.182022
0.177221
0.215319
0.269951
0.414656
0.261132
0.285172
0.241271
0.220675
0.180785
0.208724
0.233253
0.218855
0.237553
0.263475
0.289688
0.249244
0.186961
0.238156
0.658202
2.702621
1.739364
1.273347
0.820516
0.563774
1.066836
1.149376
0.314226
0.294007
0.242518
0.24134
0.401629
0.266032
0.306853
0.326223
1.134335
0.227487
0.675195
0.672972
0.229663
0.31151
0.247682
0.216074
0.202859
0.175997
0.187527
0.176018
0.204173
0.242726
0.220025
0.259431
0.252931
0.269766
0.211373
0.527636
0.474664
0.313764
0.233615
0.233471
0.260424
0.243758
0.24728
0.272404
0.440496
0.210921
0.237563
0.218623
0.188668
0.353716
0.218544
0.235058
0.242275
0.286768
0.258358
0.221851
0.189172
0.198724
0.189952
0.182521
0.236358
0.23196
0.225347
0.271385
0.243172
0.36752
0.347488
0.18662
0.242252
0.171323
0.385449
0.323161
0.24806
0.229379
0.22503
0.253197
0.212819
0.223728
0.192676
0.258963
0.269046
0.241952
0.216794
0.435948
0.43983
0.340864
0.284281
1.459426
1.400672
2.42198
0.783506
0.411376
1.22463
2.389865
2.486431
1.669415
0.830909
0.561891
0.571382
0.252669
0.296506
0.225701
0.276058
0.248441
0.225754
0.308044
0.263449
0.269605
0.22734
0.232179
0.30846
0.251479
0.230226
0.221603
0.236198
0.230889
0.24444
0.244499
0.238461
0.222031
0.20178
0.350443
0.443939
0.326576
0.226513
0.250081
0.253032
0.254066
0.219989
0.196991
0.25987
0.188434
0.22967
0.229401
0.276205
0.264757
0.478671
0.54299
0.319086
0.284145
0.279026
0.269952
0.26753
0.271611
0.296945
0.370304
0.26483
0.29913
0.242656
0.192547
0.220853
0.238118
0.227132
0.287762
0.237174
0.231719
0.374906
0.169685
0.274711
0.239356
0.197645
0.236134
0.227883
0.223599
0.255739
0.283904
0.277053
0.26413
0.166331
0.155256
0.635177
0.432903
0.694665
1.05763
1.210234
1.174065
0.635887
0.538667
5.919896
1.25795
1.620692
2.237987
0.796099
0.828315
0.362534
0.46326
0.283966
0.227784
0.226665
0.233334
0.857624
0.246554
0.226785
0.231442
0.352378
0.27012
0.238315
0.231943
0.249987
0.221649
0.278082
0.246856
0.235798
0.173898
0.216104
0.168809
0.203318
0.225643
0.234406
0.215453
0.221808
0.219383
0.243093
0.223149
0.393851
0.21703
0.247512
0.267261
0.17934
0.225648
0.240578
0.245536
0.231223
0.23656
0.525288
0.298586
0.250049
0.286175
0.254755
0.188941
0.207676
0.194069
0.20857
0.221007
0.210494
0.221837
0.223174
0.263662
0.222534
0.171662
0.464859
0.285065
2.361142
0.624193
0.245426
0.222336
0.228723
0.223776
0.238969
0.225288
0.228042
0.224169
0.242927
0.232065
0.222987
0.228586
0.226244
0.464717
6.66146
4.997074
2.093842
13.002061
0.317459
0.181491
0.228346
0.203951
0.189882
0.132778
0.206631
0.150589
0.126645
0.205757
0.141656
0.199496
0.191506
0.178712
0.174816
0.188527
0.634665
0.165181
0.213384
0.208218
0.210247
0.209957
0.196036
0.196908
0.197927
0.186215
0.225745
0.220542
0.245431
0.220698
0.213267
0.20401
0.232689
0.202846
0.199415
0.210782
0.203014
0.201437
0.204153
0.190224
0.289033
0.31021
0.191693
0.244379
0.275032
0.897549
0.436003
0.482153
0.366986
0.22196
0.248355
0.255706
0.193526
0.159136
0.198576
0.156925
0.141449
0.209883
0.21706
0.209001
0.202456
0.204401
0.191679
0.246278
0.238
0.334515
0.214774
0.272593
0.1995
0.136606
0.130592
0.257204
0.212742
0.195129
0.185914
0.206292
0.204145
0.196998
0.206535
0.207507
0.165501
0.329455
0.138468
0.209203
0.216763
0.140205
0.215631
0.149619
0.181917
0.20422
0.202072
0.327186
0.401605
3.067121
1.315224
0.955005
0.57253
9.092978
0.636159
1.243354
1.329577
1.380141
1.493166
0.235939
0.210957
0.20881
0.199693
0.758738
0.215913
0.176396
0.214498
0.18678
0.19179
0.27163
0.234705
0.200938
0.204244
0.179135
0.203135
0.216423
0.212623
0.317187
0.169688
0.21838
0.207806
0.232595
0.221071
0.200652
0.197123
0.181173
0.164526
0.157496
0.181649
0.197007
23.473636
0.365557
0.311731
0.290335
0.257367
0.278801
0.216725
0.211351
0.279297
0.283422
0.252264
0.197851
0.212998
0.25976
0.211119
0.232415
0.259652
0.205119
0.228583
0.256794
0.222765
0.206942
0.20552
0.334887
0.220099
0.293125
0.232361
0.238916
0.218823
0.250778
0.237301
0.243946
0.294379
0.336032
0.289754
0.297203
0.323162
0.308395
0.286934
0.216193
0.254554
0.26637
0.226213
0.215153
0.295508
0.261021
0.287211
0.254939
0.294295
0.243019
0.249895
0.263992
0.255651
0.226173
0.23036
0.222589
0.233482
0.239922
0.229751
0.247861
0.226336
0.324495
0.339439
0.321338
0.419642
1.092062
1.945157
1.484118
0.725026
1.730012
1.679291
2.556273
1.49866
0.814485
2.058392
0.653893
0.349967
0.60283
0.313284
0.291755
0.302826
0.363151
0.243644
0.354873
0.305366
0.453959
0.385172
0.318718
1.086462
0.827775
0.369672
0.371485
0.4135
0.341259
0.299505
0.401932
0.364467
0.405725
0.328228
0.480103
0.328226
0.302223
0.289636
0.281923
0.302536
0.291808
0.327943
0.300379
0.347985
0.306994
0.275296
0.352963
0.278347
0.286364
0.291268
0.323785
0.355331
0.377063
0.407987
0.357235
0.580989
0.879545
0.291729
0.289235
0.370204
0.349001
0.230125
0.376052
0.41745
0.47461
0.736674
1.359771
1.179263
0.659807
1.288622
1.024533
0.790654
4.582743
2.472618
0.546581
0.596587
0.323785
0.381034
0.414395
0.393559
0.369146
0.359921
0.349125
0.313099
0.374611
2.490296
0.368501
0.431062
0.626066
0.274839
0.28318
0.318946
0.304862
0.715959
0.714358
0.757389
0.251117
0.668187
0.283481
0.234654
0.259206
0.262608
0.236391
0.234831
0.231954
0.23733
0.29397
0.275509
0.26722
0.255642
0.26949
0.249525
0.248606
0.264727
0.267805
0.27006
0.273095
0.28392
0.283343
0.334569
0.280518
0.244134
0.295593
0.438095
0.277547
0.281262
0.277304
0.280233
0.289351
0.258163
0.278923
0.281983
0.283333
0.236268
0.2281
0.260984
0.307801
0.281478
0.274898
0.265913
0.273708
0.289453
0.256591
0.252539
0.329774
0.251229
0.266379
0.240605
0.361269
0.246965
0.28762
0.250954
0.243622
0.242415
0.259103
0.27316
0.243011
0.236282
0.245652
0.253607
0.339583
0.504501
0.35734
0.290723
0.270487
0.338174
0.66484
0.405242
0.259328
0.278281
0.274774
0.343248
0.4563
0.748862
0.257683
0.619115
0.905858
1.839756
0.611301
0.95943
0.350836
1.625135
1.853968
1.440665
2.261173
1.570643
0.974358
0.613926
1.306336
0.977052
0.246066
0.289861
0.269368
0.273849
0.245776
0.292601
0.612427
0.308391
0.532383
0.274287
0.339104
0.306273
0.4245
0.46516
0.33164
0.417947
0.526576
0.385045
0.256073
0.411911
0.294266
0.334077
0.269394
0.30265
0.310867
0.306047
0.283201
0.36696
0.983182
0.407677
0.723536
0.278511
0.263116
0.235525
0.349743
0.318757
0.244539
0.232487
0.252991
0.263053
0.320685
0.331978
0.311299
0.262121
0.284424
0.282422
0.248369
0.241927
0.235597
0.233605
0.256698
0.260431
0.258429
0.251057
0.245383
0.421416
0.372182
0.312428
3.915928
0.259949
0.804244
2.729925
1.29274
0.755038
0.313071
4.460772
0.274919
0.358281
0.276428
0.269075
0.2644
1.489877
0.255127
0.270798
0.254091
1.874373
0.267596
0.276228
0.528309
0.338234
0.29741
0.288854
0.571734
0.287469
0.266565
1.234225
0.909964
0.332094
0.299667
0.34862
0.511746
0.397064
0.382425
0.287847
0.275241
0.246616
0.245145
0.296684
0.263472
0.305638
0.272309
0.329828
0.307005
0.324939
0.268294
0.274358
1.549314
0.51088
0.635534
4.749448
1.876355
0.426975
0.382619
0.259518
0.262614
0.363322
0.323308
0.304855
0.368076
0.426854
0.290455
0.2538
0.387713
0.320967
1.945245
1.343258
1.26091
0.752939
1.928832
2.02306
2.12869
3.30707
1.48893
1.244959
0.349024
0.28524
0.266259
0.252482
0.890721
0.572165
0.271266
0.268752
0.241581
0.254359
0.312273
0.28798
0.257375
0.480528
0.327071
0.260393
0.242722
1.329985
1.999086
0.256176
0.265077
0.221311
0.230819
0.308517
0.465833
0.216209
0.194788
0.262982
0.232518
0.427913
0.267334
0.236802
0.228949
0.372042
0.215644
0.230134
0.216688
0.246447
0.218044
0.227067
0.256359
0.23191
0.431502
0.273424
0.254744
0.396763
0.230874
0.431249
0.217082
0.24922
0.243906
0.209408
0.18012
0.157321
0.229642
0.173149
0.199663
0.231837
0.252107
0.261583
0.642058
0.455456
0.536115
0.198101
0.225237
0.472609
0.201176
0.189479
0.181872
0.17194
0.150811
0.167799
0.184271
0.233061
0.225122
0.224175
0.184284
0.173276
0.150102
0.247758
0.186764
0.162
0.161475
0.26937
0.274961
0.197377
0.131293
0.18935
0.184911
0.192988
0.220207
0.221603
0.193688
0.151558
0.19664
0.226155
0.224819
0.197981
0.208557
0.181212
0.225562
0.21869
0.16185
0.238996
0.229987
0.239629
0.175726
0.198831
0.237039
0.190677
0.159051
0.232988
0.215174
0.21406
0.192912
0.319629
0.157093
0.18819
0.184306
0.175342
0.179008
0.180599
0.298339
0.187346
0.243883
0.209269
0.157448
0.214995
0.397201
0.389887
0.874587
0.33824
0.30554
0.26835
0.23941
0.264958
0.24148
0.328127
0.289196
0.248713
0.220514
0.235779
0.223661
0.21892
0.185689
0.220233
0.204992
0.25944
0.199568
0.204456
0.167644
0.233776
0.169467
0.211312
0.148356
0.247154
0.230698
0.219128
0.286546
0.270726
0.42775
3.569306
1.020204
1.61929
1.116756
2.179716
1.1474
0.929737
0.705684
0.410416
0.486746
0.491303
0.492204
1.185944
0.241096
0.85119
0.330508
0.250557
0.21176
0.198398
0.180053
0.223108
0.219614
0.188834
0.229491
0.27154
3.240112
0.328179
0.246545
0.21115
0.207021
0.212961
0.290881
0.241681
0.311816
0.285081
0.344337
0.266012
0.393364
0.71083
0.62221
0.436246
0.242721
0.303995
0.292717
0.356669
0.260876
0.237852
0.259106
0.253226
0.237589
0.240499
0.277398
0.295501
0.397688
0.320759
0.364654
0.21396
0.292908
0.27336
0.246693
1.024114
0.252517
0.224444
0.243138
0.254549
0.227896
0.172512
0.216445
0.216586
0.204922
0.254786
0.20898
0.287968
0.23825
0.198541
0.2072
0.193505
0.191651
0.215008
0.258649
0.215401
0.195642
0.223498
0.184475
0.224529
0.215079
0.218869
0.276922
0.196501
0.168022
0.18004
0.33347
0.241839
0.250507
0.323273
0.180679
0.20141
0.204727
0.244247
0.235966
0.169122
0.192361
0.196532
0.246196
0.323042
0.282506
0.274054
0.19176
0.232365
0.201726
0.20839
0.193443
0.252308
0.195675
0.230534
0.17055
0.19537
0.242962
0.311386
0.243343
0.206821
0.171719
0.21387
0.175726
0.183866
0.231118
0.21226
0.240436
0.209116
0.246395
0.411535
0.351362
0.256295
0.286087
2.256316
1.36702
1.082913
0.855211
2.51025
0.824591
1.296413
2.311931
3.086346
1.877917
0.832945
0.404546
0.273337
0.193528
0.23208
0.261634
0.273753
0.261225
0.351089
0.20931
0.216163
0.184974
0.22348
0.208055
0.34258
0.178951
0.205795
0.225819
0.24143
0.228469
0.22044
0.185612
0.260282
0.29489
0.355324
0.33753
0.416186
0.236148
0.218112
0.179178
0.29537
0.258814
0.256887
0.219651
0.189282
0.395089
0.365184
0.262817
0.223386
0.21799
0.304671
0.290303
0.238298
0.229146
0.207015
0.203667
0.221179
0.253385
0.324378
0.38412
0.405893
0.252453
0.272279
0.251423
0.295507
0.275063
0.249964
0.275455
0.265171
0.273227
0.4458
0.273355
0.195024
0.179477
0.193144
0.199865
0.296065
0.359133
0.262268
0.3008
0.323956
0.178707
0.216839
0.636455
0.216329
0.312959
0.353269
0.487816
1.181499
0.472101
0.412093
0.32354
0.236763
0.333787
0.266378
0.2231
0.256272
0.294443
1.500894
0.348544
0.701485
0.360273
1.894445
0.349552
0.254033
0.329849
0.249579
0.559078
0.561985
2.558738
0.290269
0.305339
0.232522
0.487333
0.25834
0.229493
0.33948
0.187285
0.302334
0.256057
0.253516
0.365179
0.254471
0.24935
0.333426
0.233601
0.331942
0.261665
0.688954
0.246213
0.277061
0.428585
0.736561
1.801487
0.349341
0.470516
0.217108
0.283448
0.249442
0.246403
0.248003
0.245084
0.304331
0.26412
0.357145
0.218579
0.245434
0.22684
0.275261
0.244098
0.23427
0.179387
0.24325
0.247755
0.252078
0.278325
0.221959
0.441802
0.242017
0.230164
0.454487
0.249987
0.292804
0.303592
0.345435
0.272776
0.300488
0.404883
1.556191
6.024726
1.68687
0.491193
0.48299
0.299701
4.303747
0.345086
0.27932
0.252673
0.188118
0.224448
0.173684
0.210487
0.194004
0.20578
0.153916
0.430909
0.449975
0.332507
0.246477
0.254547
0.238551
0.187512
0.167922
0.153785
0.195472
0.259736
0.252289
0.595384
0.700189
0.530081
0.251187
0.199221
0.206719
0.176102
0.191521
0.168503
0.160229
0.207963
0.191343
0.207792
0.217577
0.297861
1.911804
0.323934
0.374658
0.236565
0.202036
0.167841
0.183408
0.15693
0.216365
0.192215
0.220896
0.207841
0.209624
0.233644
0.21552
0.203667
0.222712
0.199797
0.187123
0.163986
0.214141
0.167506
0.225625
0.240268
0.261953
0.246992
0.452299
0.462922
0.658292
1.20317
0.747406
0.464494
0.375767
1.092526
1.68889
1.286402
1.4237
5.141332
0.318513
0.244811
0.22865
0.237063
0.240515
0.257792
0.188183
0.226226
0.225578
0.232687
0.205018
0.236209
0.252587
0.177558
0.252046
0.198497
0.225193
0.254508
0.228137
0.212938
0.204866
0.219835
0.205332
0.258648
0.242289
0.1765
0.214299
0.205256
0.495152
0.209016
0.185991
0.234899
0.231248
0.206589
1.093094
0.225475
0.220905
0.226636
0.392357
0.286139
0.958453
0.50165
0.307089
0.430493
0.27358
0.476114
0.23307
0.216908
0.230873
0.390031
0.229314
0.319809
0.46317
0.310526
0.282664
0.42253
0.211731
0.51462
0.29889
0.29471
0.323411
0.337228
0.265369
0.342294
0.214393
0.245847
7.694755
0.609496
0.318103
0.300726
0.263563
0.241733
0.257428
0.229369
0.212957
0.238323
0.222954
0.221883
0.246549
0.275781
0.227399
0.201403
0.209925
0.220736
0.18659
0.25358
0.228066
0.217051
0.292049
0.216175
0.216375
0.299487
0.269765
0.260777
0.240912
0.279735
0.287902
0.251413
0.275335
0.288249
0.267414
0.246459
0.229618
0.275487
0.373157
0.420321
0.46233
0.757599
1.369736
1.289001
2.998191
1.225364
2.083072
0.679368
1.178485
1.320816
1.688133
1.161414
0.518718
0.49369
0.485012
0.292211
0.293876
0.415572
0.356506
0.395962
0.431154
0.302328
0.314979
0.222254
0.246465
0.229521
0.222082
0.24022
0.237363
0.479517
0.340588
0.340964
0.471963
0.796835
0.38628
0.604126
0.360413
0.405917
0.469982
0.614295
0.422881
0.648789
0.717025
0.681936
0.30166
0.280998
0.297501
0.255287
0.308819
0.305788
0.222861
0.259188
0.232406
0.245293
0.281844
0.231277
0.23582
0.251233
0.250072
0.224646
0.261076
0.196574
0.251921
0.261481
0.37559
0.306627
0.23726
0.225357
0.245601
0.20433
0.214125
0.248107
0.276598
0.266916
0.237767
0.239883
0.300862
0.281064
0.331311
0.422611
0.399525
0.431561
1.137503
0.860474
1.008495
2.144511
0.866759
1.054913
2.728408
0.808651
4.227476
2.169062
0.437357
0.413572
0.328304
0.288665
0.348051
0.290947
0.259092
0.43788
0.328037
0.313595
0.396665
0.287907
0.402281
0.357018
0.267606
0.349856
0.299883
0.272748
1.912857
0.326688
0.2734
0.238517
0.214618
0.276572
0.265508
0.221785
0.261459
0.295677
0.78676
0.916844
0.674491
0.316918
0.231812
0.227303
0.286605
0.191969
0.19697
0.23434
0.205826
0.286252
0.205706
0.196452
0.235453
0.210015
0.203673
0.23166
0.241675
0.252581
0.217024
0.193238
0.233264
0.25028
0.526742
0.567612
0.371372
0.307725
0.302105
0.37305
1.063862
0.370742
0.273114
0.551724
0.347234
0.351558
0.327677
0.326915
0.537352
0.96889
0.908249
1.201057
1.225112
1.40727
1.004252
2.031879
0.970824
1.782945
1.330607
0.786302
1.640544
1.335006
0.527415
0.290557
0.315902
0.356269
0.448909
0.327043
0.36078
0.249632
0.222323
0.215928
0.194559
0.190442
0.227834
0.234279
0.200836
0.225762
0.213478
0.216658
0.209771
0.233152
0.293196
0.279095
0.361664
0.414681
0.46226
1.035199
0.352148
0.514769
0.327041
0.351488
0.303005
0.295636
0.259617
0.312665
0.228387
0.212008
0.211893
0.254471
0.223668
0.207426
0.221821
0.235865
0.215258
0.259238
0.210596
0.284918
0.300597
0.20354
0.234515
0.243
0.297147
0.247711
0.255257
0.251063
0.235548
0.272665
0.199833
0.306381
0.297355
0.253974
0.271767
0.280679
0.225953
0.215392
0.206513
0.234941
0.342343
0.212583
0.99366
0.945411
0.681217
0.590972
0.324958
0.293671
0.322349
0.283922
0.337179
0.293086
0.246099
0.210689
0.207518
0.175825
0.201208
0.245254
0.198919
0.339693
0.252682
0.231017
0.185477
0.20924
0.198078
0.204536
0.241719
0.304616
0.33992
0.315853
0.332609
0.417127
0.913214
0.819637
0.617744
1.236516
1.343999
2.378134
1.847493
1.393243
2.930236
1.278998
0.926578
0.551649
0.45864
0.322151
0.397405
0.309419
0.271248
0.274092
0.340267
0.339304
0.311988
0.302089
0.420119
0.4099
0.246871
0.233491
0.335239
0.214371
0.20866
0.188691
0.232687
0.259358
0.210619
0.327887
0.306503
0.241723
0.220409
0.24283
0.221048
0.205842
0.245942
0.240444
0.229521
0.196874
0.226632
0.247547
0.18344
0.232851
0.27281
0.260684
0.241754
0.228773
0.226237
0.236774
4.057035
0.507252
0.516649
3.740644
0.281989
0.212454
0.258903
0.286564
0.270535
0.297242
0.293194
0.283976
0.354776
1.799394
1.861558
1.939641
0.704098
1.060815
1.63889
0.924329
1.770913
1.623646
1.930316
1.374681
0.804111
0.40077
0.344948
0.267235
0.522867
1.009998
0.319698
0.311694
0.240627
0.323758
0.344642
0.285772
0.205857
0.16588
0.216763
0.300447
0.863079
0.381992
0.35667
0.348203
0.294457
1.439825
0.409513
0.254927
0.22621
0.255392
0.224418
0.229341
0.832586
0.654671
0.243296
0.368367
0.269335
0.2493
0.249812
0.305386
1.526123
0.270269
0.246001
0.289739
0.274514
0.26131
0.250286
0.23549
0.235132
0.230812
0.253039
0.280858
0.713584
0.404829
0.27386
0.676865
0.323717
0.777655
1.43254
2.603362
1.650539
1.302821
3.164004
1.11654
2.433678
0.413234
0.305027
0.244543
0.264841
0.312391
0.265834
0.279594
0.291326
0.335183
0.339212
0.187544
0.194095
0.23054
0.19853
0.244752
0.235088
0.20114
0.190605
0.209927
0.230396
0.185077
0.187801
0.189055
0.354849
0.266103
0.259414
0.185955
0.252281
0.206393
0.203859
0.356965
0.242988
0.209387
0.168647
0.196363
0.181639
0.172921
0.2533
0.175636
0.287967
0.169981
0.181266
3.761173
0.293427
0.393048
0.247056
0.247445
0.224053
0.279553
0.240125
0.244707
0.248576
0.226556
0.268861
0.246394
0.319259
0.457928
0.246391
0.215208
0.273123
0.269185
0.335538
0.337912
2.621757
0.312984
0.351842
0.180958
0.267034
0.203603
0.243448
0.18942
0.245067
0.291312
0.220774
0.217699
0.327477
0.198561
0.316919
0.240469
0.181653
0.228061
0.21391
0.197813
0.223876
0.258646
0.209066
0.244901
0.232853
0.266568
0.384185
0.731627
0.364337
1.760611
0.324504
0.201758
0.238261
0.341183
0.184645
0.209825
0.200456
0.183273
0.17099
0.214977
0.23644
0.276424
0.225562
0.161735
0.181378
0.250926
0.220273
0.23832
0.305323
0.665107
0.954411
0.537666
0.229676
0.207224
0.2642
0.21384
0.200495
0.173924
0.180987
0.273958
0.199763
0.232756
0.162681
0.46778
0.812646
2.20665
1.240257
0.977258
1.000562
1.703581
2.714786
1.138799
0.805468
0.592052
0.996645
1.590177
0.619247
0.608808
0.298412
0.38786
0.285252
0.26868
1.215737
0.874587
0.600468
0.554052
0.2424
0.296523
0.222657
0.259316
0.226751
0.255523
0.24968
0.215953
0.334199
0.243239
0.223861
0.282681
0.197794
0.264132
0.217881
0.225784
0.347617
0.269152
0.308239
0.267561
0.185722
0.218394
0.228504
0.254201
0.222931
0.84014
0.337897
0.371744
1.129309
0.539993
0.479977
0.397067
0.241895
0.407238
0.310944
0.216049
0.193053
0.237963
0.187742
0.348891
0.283549
0.258431
0.247548
0.248161
0.213532
0.197192
0.248715
0.280298
0.261468
0.226275
0.316603
0.266865
0.270485
0.232012
0.223526
0.209437
0.219623
0.242524
0.249818
0.187983
0.281167
0.254344
0.220383
0.210325
0.226319
0.265206
0.241282
0.292207
0.196586
0.309252
0.357599
0.240415
0.247293
0.227402
0.250342
0.219635
0.177108
0.301886
0.243737
0.267318
0.221358
0.381628
0.378798
0.445474
0.445519
0.268804
0.332532
0.201348
0.293685
0.270444
0.275129
0.261711
0.268636
0.258578
0.287257
0.24486
0.251373
0.222808
0.209166
0.218213
0.297661
0.221694
0.24254
0.270321
0.265077
0.241428
0.165931
0.233701
0.176393
0.2335
0.230706
0.218808
0.283242
0.386884
0.21057
0.228243
0.244429
0.243439
0.20045
0.232387
0.173586
0.234965
0.166028
0.216976
0.21033
0.170138
0.355129
0.219809
0.244365
0.342512
0.235696
0.248012
0.174711
0.153298
0.246427
0.609755
0.156485
0.208347
0.649426
1.231479
1.197638
0.612791
3.240936
1.220611
1.719598
1.467636
0.76687
3.703529
0.776873
0.434513
0.277974
1.306269
0.507333
0.325257
0.264071
0.284809
0.266171
0.319275
0.2581
0.440631
0.310768
0.22189
0.185567
0.217355
0.229821
0.305873
0.321463
0.779338
0.558096
0.261947
0.249699
0.263284
0.247545
0.221663
0.224995
0.212032
0.263304
0.246736
0.232403
0.190538
0.209262
0.214256
0.213152
1.002035
0.259369
0.281358
0.293488
0.264548
0.247901
0.246348
0.261288
0.203798
0.28231
0.290978
0.232806
0.168324
0.195377
0.228087
0.416005
0.582983
0.22344
0.250406
0.218448
0.228726
0.186733
0.181855
0.280736
0.225614
0.219835
0.238057
0.266907
0.21955
0.207514
0.235954
0.199794
0.227201
0.178394
0.215944
0.22425
0.222079
0.218191
0.263588
0.27186
0.311039
0.291712
0.312362
0.174109
0.289981
0.291081
0.25482
0.275038
0.26827
0.248681
0.221891
0.221351
3.049702
0.221416
0.226694
0.308006
0.327836
0.987233
0.372561
0.210242
0.233963
0.183542
0.213127
0.215149
0.230625
0.221059
0.218072
0.292096
0.444775
0.380211
0.322638
3.308429
3.093035
0.764432
0.634061
1.000479
2.365201
2.523254
1.934253
0.951998
1.965217
0.241185
0.28038
0.332033
2.878553
0.275915
0.221399
0.920751
0.274789
0.223267
2.63976
1.352784
0.498051
4.75379
0.233802
0.225394
0.249945
0.209073
0.31707
0.21138
0.241095
0.258972
0.221842
0.332288
0.294085
0.868297
0.374517
0.287939
0.227614
0.565391
0.312834
0.263523
0.306728
0.233547
0.26565
0.330384
2.01906
0.586954
0.270751
0.217423
0.415162
0.291524
0.207735
0.265934
0.406184
0.471354
0.318696
0.234943
0.214533
0.313485
0.253244
0.213154
0.266059
0.211016
0.192299
0.342005
0.653178
0.316646
0.27417
0.210246
0.423094
0.311297
4.235446
0.239388
0.558803
2.006798
0.301987
0.210155
0.187808
0.251057
0.211504
0.190221
0.267828
0.212671
0.341539
0.263652
0.21768
0.261337
0.225453
0.24445
0.215427
0.226353
0.75626
0.233745
0.283451
0.225165
0.256466
0.227237
0.221236
0.237312
0.300194
0.258562
0.157869
0.397396
2.854517
0.39315
1.47416
0.272409
0.311592
0.23107
0.209015
0.314208
0.217648
0.205913
0.221308
0.311901
0.199868
1.722898
0.261364
3.568738
0.822161
0.428209
0.365093
0.390197
0.203812
0.188616
0.284511
0.246319
0.159289
0.218238
0.230983
0.206541
0.194684
0.292965
0.241591
0.201413
0.250303
0.304467
0.247928
0.288085
0.188987
0.245274
0.218943
0.22079
0.29431
0.19867
0.205577
0.345551
0.232234
7.348544
0.345408
0.262248
0.260375
0.265103
0.224968
0.268413
0.311575
0.244029
0.531567
0.229752
0.243925
0.258009
0.270505
0.190148
0.26207
0.266969
0.254129
0.365997
0.421792
1.064758
0.382032
0.942769
1.830505
0.991168
1.105993
1.885424
0.71467
1.125086
1.166396
1.374463
0.687043
1.454321
0.446456
0.350202
0.284496
0.289861
0.267426
0.353031
0.303522
0.21588
0.307569
0.359142
0.288826
0.312385
0.262297
0.222846
0.279756
0.291518
0.323223
0.351843
0.44544
0.361354
0.374001
0.346144
0.442254
0.443779
0.351508
0.392867
0.30411
0.245905
0.23651
0.308615
0.275433
0.27118
0.258357
0.31083
0.314216
0.321912
0.356125
0.342405
0.866818
0.556164
0.377714
0.755585
0.691104
0.478721
0.291869
0.337643
0.220298
0.203798
0.311629
0.295733
0.19012
0.253828
0.224998
0.307405
0.23421
0.234867
0.297566
0.287422
0.268049
0.234883
0.278037
0.287483
0.286665
0.297299
0.337046
0.308248
0.288946
0.247959
0.270003
0.240644
0.222684
0.376638
0.290436
0.259233
0.247219
0.280332
0.373574
0.333926
0.455301
0.613851
0.788459
2.948712
1.067445
2.19679
0.932206
3.38756
0.660631
2.058206
0.568255
0.51131
0.44449
0.286096
0.249993
0.240713
0.285119
0.293752
0.225096
0.214794
0.265766
0.208294
0.307693
0.349249
0.3158
0.294821
0.241288
0.602305
0.347093
0.309949
0.297056
0.37589
0.324121
0.449246
0.282418
0.211274
0.208552
0.20379
0.275449
2.108278
0.978593
0.618076
0.492959
0.262247
0.20949
0.210898
0.207928
0.192761
0.202716
0.186646
0.197987
1.529893
0.223999
0.223919
0.211107
0.403069
0.457984
0.400016
0.285527
0.306601
0.334783
0.430215
0.33872
0.408626
0.3058
0.288804
0.227914
0.204756
0.213321
0.185883
0.353736
0.365247
0.337087
0.341706
0.241803
0.65114
1.578381
1.876343
1.80363
0.866331
3.712742
0.637388
0.595372
0.539542
0.610498
1.174767
0.834749
0.668603
1.339578
0.221252
0.252066
0.281249
0.217253
0.24063
0.313559
0.257926
0.402305
0.289585
0.226372
0.222342
0.27124
0.229005
0.21206
0.266923
0.351803
0.46273
1.944437
0.531246
0.326398
0.361771
0.227168
0.198537
0.36732
0.331637
0.218988
0.236512
0.240129
0.2316
0.47453
0.293088
0.365498
0.233292
0.238653
0.277041
0.284775
0.422891
0.275228
0.291814
0.304279
0.383669
0.239692
0.470211
0.225755
0.237256
0.208514
0.243348
0.225257
0.391123
0.268008
0.28488
0.249516
0.227142
0.274036
0.210175
0.199844
0.296804
0.26804
0.418404
0.201601
0.280249
0.279782
0.224375
0.202059
0.24064
0.28644
0.80097
0.7145
0.720013
0.355213
0.240119
0.195477
0.256383
0.302695
0.214621
0.205886
0.317585
0.48276
0.223638
0.786688
0.307185
0.274357
0.348453
0.287757
0.24868
0.528819
0.326505
0.606249
0.243427
0.315801
0.358787
0.307101
0.401728
0.602223
2.980089
0.873961
0.792621
0.79935
1.248144
2.018127
0.85931
0.522863
0.346024
0.324233
0.294121
0.340253
0.235984
0.219194
0.369577
0.259904
0.27085
0.195622
0.265281
0.287583
0.252506
0.234714
0.292692
0.208703
0.270078
0.211829
0.255718
0.356827
1.959584
0.784007
0.350466
0.353089
0.224981
0.202036
0.183422
0.241871
0.217181
0.246033
0.230806
0.20816
0.34
0.170615
0.239118
0.174825
0.211548
0.230208
0.151049
0.295433
0.225896
0.212072
0.254054
0.262877
0.312656
0.1684
0.250423
0.240684
0.240105
0.166945
0.211806
0.253189
0.233236
0.2627
0.270909
0.269811
0.245266
0.174044
0.233894
0.253997
1.762665
2.467002
0.509494
3.527476
0.317096
0.244232
0.222037
0.205889
0.215396
0.207944
0.222954
0.211499
0.225137
0.217492
0.219207
0.241583
0.155427
4.053607
0.230219
0.240636
0.226978
0.205053
0.207804
0.744986
0.268206
0.219379
0.227513
0.224891
0.216889
0.252669
0.235235
4.992287
1.28513
6.904383
1.420125
1.711409
0.480402
0.592322
1.157862
1.050009
0.897709
0.864946
0.559327
0.392351
0.256378
0.705442
0.263878
0.224861
0.230494
0.250074
0.278528
0.257945
0.322742
0.284201
0.260128
0.222774
0.201623
0.213085
0.204515
0.337957
0.502916
0.195355
0.167749
0.222405
0.164566
0.165416
0.266652
0.217409
0.485105
0.222821
0.517969
0.391369
0.348734
0.229447
0.20079
0.213957
0.21995
0.217233
0.186062
0.197789
0.217833
0.189381
0.18238
0.199182
0.204551
0.193724
0.231037
0.216023
0.216498
0.213035
0.205814
0.18859
0.250858
0.188317
0.22657
0.204057
0.225628
0.237282
0.212236
0.243176
0.313437
0.356116
0.256191
0.233779
0.232644
0.228773
0.239513
0.243561
0.241994
0.240302
0.243224
0.228188
0.205167
0.225866
0.23752
0.226876
0.242857
0.201878
0.208889
0.296419
0.254165
0.243436
0.232496
0.302405
0.271813
0.43564
0.547406
0.494464
0.488682
0.272351
0.240462
0.193845
0.333264
0.140884
0.200408
0.179313
0.178962
0.153008
0.1595
0.22925
0.225109
0.201345
0.215229
0.198813
0.221102
0.208049
0.200805
0.202541
0.179448
0.176044
0.184992
0.317547
0.199694
0.178746
0.235962
0.195939
0.230945
0.250528
0.21456
0.233851
0.23047
0.25689
0.205197
0.208765
0.226655
0.159993
0.20039
0.217699
0.258863
0.164432
0.203692
0.149498
0.216266
0.135526
0.154674
0.254531
0.19397
0.225738
0.290266
0.222861
0.269949
0.28406
0.303418
0.22199
0.174813
0.237199
0.174407
0.19438
0.222525
0.167606
0.267673
0.211338
0.201746
0.226008
0.227444
0.26988
0.241978
0.160049
0.219377
0.226251
0.201275
0.161583
0.206493
0.214214
0.252138
0.255179
0.262908
0.222163
0.193364
0.205283
0.395986
0.26363
0.181834
0.18123
0.24652
0.218088
0.234786
0.373471
0.260966
0.363867
0.166075
0.217817
0.17623
0.192307
0.2315
0.204144
0.682621
3.161244
1.50373
0.965288
2.985639
0.872654
0.251791
0.57449
0.974664
1.727911
0.597349
1.392478
0.451156
0.886736
0.536415
0.551424
0.257652
0.238336
0.250625
0.234517
0.217886
0.181187
0.281456
0.302293
0.235551
0.237014
0.255791
0.227424
0.241619
0.196349
0.182757
0.197896
0.184808
0.2396
0.232583
0.213598
0.268738
0.222402
0.165224
0.201461
0.829467
0.232593
0.755597
0.327379
0.266207
0.23363
0.285201
1.185322
0.469491
0.304355
0.240781
0.216158
0.189905
0.206782
0.191888
0.209304
0.201514
0.198335
0.200096
0.237273
0.234972
0.226716
0.312209
0.228355
0.213641
0.235421
0.271096
0.383576
0.417459
0.307014
0.229648
0.225537
0.22928
0.255355
0.239703
0.24099
0.362632
0.282078
0.174717
0.254078
0.178626
0.223125
0.226611
0.295541
0.235985
0.208949
0.26786
0.277044
0.251038
0.235526
0.233896
0.265634
0.164187
0.224885
0.215192
0.253373
0.401314
0.272306
0.320493
0.414539
0.803129
0.88124
0.76504
0.322124
0.256695
0.245995
0.244844
0.228443
0.22652
0.252566
0.253072
0.586375
0.261671
0.167973
0.163787
0.280503
0.241869
0.240267
0.253171
0.227751
0.223834
0.272088
0.235755
0.219975
0.238963
0.255873
0.232376
0.200522
0.262878
0.230925
0.245717
0.233159
0.179329
0.224907
0.176571
0.207193
0.223206
0.288758
1.796545
0.708363
0.680083
1.207951
2.01812
0.881541
1.689409
1.358425
1.509256
2.243793
0.659706
1.263598
0.979104
0.217517
0.239309
0.228525
0.274128
0.294508
0.238591
0.209326
0.265314
0.231417
0.221515
0.222191
0.275896
0.28568
0.218855
0.235781
0.225054
0.23615
0.177646
0.228224
0.240562
0.235325
0.225708
0.29307
0.235181
0.392919
0.229261
0.19398
0.215371
0.252366
0.43397
0.226125
0.57654
0.408047
0.23225
0.233775
0.214855
0.276551
0.376996
0.298073
0.5251
0.502805
0.558049
1.391841
0.276473
0.259554
0.229148
0.314513
0.276253
0.215852
0.209453
0.237128
0.225958
0.289097
0.159682
0.22769
0.264373
0.248201
0.209075
0.292802
0.169989
0.270172
0.224102
0.224121
0.283095
0.228128
0.224994
0.22585
0.185371
0.172279
0.187874
0.240975
0.274615
0.253188
0.23588
0.335458
0.303463
1.388615
1.311351
1.937609
14.720379
1.538622
0.32001
0.305352
0.340567
0.235215
0.366461
0.262665
0.534183
0.491934
0.37357
0.274403
0.289706
0.562274
0.272883
0.359518
0.331702
0.308226
0.628267
0.504027
0.793746
0.40417
0.301293
0.376579
0.321719
0.996274
1.067205
0.67297
0.434756
0.283287
0.230041
0.230546
0.309811
0.24687
0.267342
0.391079
0.221429
0.305014
0.254202
0.205837
0.312894
0.223341
4.597517
0.318578
1.94288
1.253765
0.832069
6.159167
1.374723
5.516638
0.258335
0.244356
0.250488
0.229875
0.24941
0.250084
0.262919
0.236248
0.225185
0.367967
0.249918
0.273376
0.308621
0.210165
0.217364
0.435754
0.20409
0.219844
0.321963
0.255953
0.222716
0.222994
0.215257
0.213862
0.233239
0.209741
0.218883
0.215553
0.228591
0.219572
0.189892
0.346679
0.161023
0.220022
0.172082
0.213824
0.601224
0.384616
0.612493
1.22572
0.343878
0.94396
0.861346
0.271286
0.157804
0.221326
0.335322
0.189133
0.191742
0.211755
0.207354
0.151726
0.237535
0.238634
0.191115
0.129636
0.214053
0.256215
0.227679
0.26596
0.244463
0.229141
0.219394
0.217059
0.199572
0.137655
0.242037
0.26614
0.196062
0.168498
0.24579
0.214826
0.201886
0.429151
0.279087
0.665262
0.345604
0.301733
0.198333
8.817129
0.229254
0.946194
0.290126
0.204987
0.152998
0.325544
1.984592
0.179483
0.219435
0.370154
0.198923
0.185872
0.240015
0.19572
0.148553
0.236152
2.59279
0.207056
0.205018
0.216981
1.114588
0.314353
0.85198
0.31524
0.931799
0.410354
0.326609
0.262894
0.230663
0.306822
0.332414
1.416178
0.988364
0.253208
0.188386
0.18335
0.271954
0.32075
0.209017
0.189881
0.207456
0.320343
0.255034
0.244275
0.22641
0.155856
0.179166
0.233661
0.252308
0.167645
0.165255
0.219117
7.750392
0.79246
0.889333
1.10919
1.32413
0.746934
1.496838
0.603659
1.727948
2.087545
1.210947
0.488102
0.898938
1.477121
0.331361
0.264598
0.230764
0.241891
0.230421
0.203805
0.219958
0.241691
0.25434
0.237056
0.199562
0.280957
0.214653
0.188624
0.246604
0.273626
0.226988
0.256351
0.27409
0.235901
0.253763
0.263729
0.28068
0.224768
0.203793
0.260627
0.264869
0.252515
0.225652
0.287958
0.263148
0.395213
0.4163
0.354031
0.328914
0.296386
0.300799
0.321095
0.303105
0.311482
0.317083
0.339666
0.284147
0.301443
0.294558
0.525994
0.282682
0.312022
0.302578
0.223334
0.249993
0.209145
0.250479
0.237947
0.25732
0.286383
0.276443
0.26104
0.212522
0.276658
0.266369
0.226306
0.265518
0.2509
0.255923
0.235031
0.217702
0.294096
0.239411
0.25512
0.249887
0.243843
0.298967
0.283232
0.227294
0.266254
0.214117
0.280201
0.284804
0.368391
0.768783
1.110802
0.608426
0.27011
0.343053
0.210983
0.206657
0.262634
0.236777
0.225435
0.207484
0.313709
0.315024
0.269611
0.235408
0.267613
0.238413
0.257029
0.252547
0.292143
0.310917
0.440027
0.35229
0.244379
0.278615
0.239706
0.240872
0.327994
0.259862
0.293353
0.233338
0.275521
0.286915
0.274917
0.259039
0.231686
0.231001
0.200351
0.256317
0.3103
0.422841
0.306654
0.809245
0.886387
1.573013
2.927038
4.007983
0.78547
1.673781
2.009248
2.052536
2.266423
0.546766
0.344952
0.334255
0.242375
0.291017
0.252703
0.333009
0.267013
2.026208
0.235758
0.221516
0.29078
0.280396
0.197925
0.262053
0.214646
0.196209
0.198085
0.238755
0.18757
0.235978
0.300777
0.789232
0.320203
0.965689
0.605898
0.274329
0.19891
0.256774
0.243332
0.29194
0.266662
0.227746
0.25216
0.870007
0.300412
0.297387
0.190444
0.191294
0.247783
0.305684
0.278565
0.225762
0.247534
0.259154
0.283803
0.263392
0.233296
0.247935
0.230374
0.218556
0.188925
0.267393
0.199045
0.243263
0.26686
0.229547
0.246404
0.247209
0.189954
0.236705
0.276799
0.259907
0.282877
0.283235
0.229645
0.289875
0.221988
0.279446
0.239405
0.211889
1.273296
0.236727
0.213741
0.21375
0.236606
0.24279
0.238025
0.300002
0.324645
0.243899
0.231217
0.210606
0.186582
0.290067
0.228516
0.294137
0.223404
0.415767
0.267881
0.629274
0.388254
0.225412
0.268399
0.265975
0.345806
0.274448
0.251901
0.275638
0.270227
0.34381
0.261301
0.25753
0.195682
0.196916
0.246707
0.225239
0.24813
0.251712
0.262468
0.208234
0.208312
0.250639
0.24379
0.238095
0.285506
0.326117
0.276059
0.567585
1.105945
0.502701
0.40045
0.84787
1.081492
1.280086
1.692643
1.196008
0.615469
2.172831
1.395461
0.989059
2.468669
0.690761
0.984068
1.380046
1.005594
0.31094
0.252681
0.296603
2.557678
0.321905
0.255607
0.305504
0.313586
0.30044
0.660635
1.081437
0.547442
0.301522
0.391769
0.233535
0.239486
0.242728
0.248965
0.2991
0.31746
0.313567
0.346043
0.272347
0.36319
0.272981
0.28967
0.241972
0.497548
0.811281
0.320802
0.262613
0.253327
0.330171
0.332561
0.246763
0.250943
0.765004
0.281822
0.274486
0.238638
0.246429
0.23889
0.238334
0.240516
0.199484
0.232063
0.271905
0.278223
0.349816
0.423728
1.154607
1.70008
1.295067
0.666142
1.402998
1.487904
2.074389
1.264454
0.617404
0.528778
1.363364
1.00099
0.300989
0.268954
0.46099
0.358321
0.331196
0.514799
0.661982
0.278803
0.248762
0.21966
0.181546
0.187849
0.248575
0.315488
0.21488
0.218637
0.275081
0.652538
0.271662
0.295088
0.239348
0.789916
0.312701
0.252109
5.222994
0.278626
0.199883
0.188805
0.185936
0.255138
0.300562
0.220015
0.187358
0.189707
0.203152
0.214926
0.183458
0.174593
0.239991
0.210913
0.204346
0.187653
0.180823
0.165984
0.201114
0.194951
0.162788
0.175376
0.215095
0.185589
0.194184
0.223612
0.229961
0.170044
0.247306
0.249446
0.216661
0.226329
0.236683
0.206501
0.207291
0.226852
0.708408
0.297324
0.22869
0.325141
0.781866
1.636034
0.488792
1.380036
1.523423
0.956435
3.126066
0.563962
0.278324
2.09471
0.804171
1.363678
1.515016
0.567905
0.246112
0.175624
0.166542
0.1538
0.189011
0.294951
0.217179
0.166544
0.176626
0.149038
0.196521
0.201522
0.265725
0.17298
0.55739
0.237251
0.227675
0.227988
0.250517
0.188717
0.192706
0.226343
0.201935
0.219451
0.173654
0.214785
0.419161
0.90922
0.750959
0.40466
0.361176
0.304818
0.210738
0.181391
0.184757
0.204555
0.18016
0.232808
0.222567
0.185885
0.212199
0.16024
0.173593
0.162011
0.195856
0.203237
0.234076
0.216901
0.293343
0.220711
0.22159
0.195494
0.261386
0.365499
0.43387
0.340829
0.239731
0.327878
0.238735
0.293184
0.287997
0.270484
0.281068
0.307334
0.34171
0.264094
0.181689
0.218332
0.20451
0.200355
0.196461
0.171589
0.16064
0.223428
0.440294
0.812557
0.76157
0.951298
0.735511
1.00143
0.881909
1.461446
1.546215
0.563239
1.301577
1.502283
1.316201
1.157795
1.107616
0.502562
0.371755
0.598922
1.013979
0.813253
0.317328
0.286938
0.23149
0.260961
0.17671
0.191142
0.15769
0.158761
0.206027
0.212793
0.172552
0.261783
0.193911
0.162978
0.159252
0.188628
0.16447
0.227248
0.253403
0.223913
0.223086
0.466957
0.437358
0.369705
0.25176
0.236477
0.494883
0.295573
0.36586
0.2413
0.219474
0.400202
0.370319
0.284598
0.270992
0.228773
0.170742
0.160611
0.318569
0.205753
0.191961
0.186617
0.233388
0.18624
0.255364
0.204523
0.217648
0.266248
0.240811
0.226783
0.183442
0.228447
0.170656
0.229827
0.169102
0.214059
0.184613
1.778375
0.323436
0.23384
0.286067
0.233808
0.264932
0.253924
0.222528
0.289536
0.269623
0.313061
0.2375
0.2806
0.240721
0.29059
0.250683
0.763755
0.645711
0.649209
0.361487
0.38025
0.315255
0.907688
1.103892
1.42665
1.005633
1.238427
1.437396
2.730322
2.204239
1.21747
0.928145
0.272161
0.231808
0.22732
0.2294
0.22236
0.621373
0.543778
0.374377
0.277012
0.416707
0.630279
0.39674
0.182534
0.289873
0.206038
0.174455
0.251198
0.236385
0.235552
0.30538
0.347828
0.804687
0.598367
0.366699
0.220669
0.206266
0.237652
0.211314
0.207013
0.254227
0.210004
0.250967
0.336588
0.224223
0.274303
0.238364
0.266012
0.202358
0.222473
0.72298
0.197334
0.282356
0.204704
0.259972
0.174348
0.21647
0.202613
0.204269
0.25199
0.192603
0.17039
0.206111
0.24447
0.224491
0.244321
0.207325
0.248675
0.214725
0.205939
0.238461
0.227412
0.272621
0.212425
0.204724
0.235045
0.246149
0.208318
0.175502
0.34057
0.348105
0.284852
0.426116
0.71344
0.981802
1.631428
1.21875
0.679444
2.114593
1.642225
1.491624
0.803687
1.159663
1.206942
0.343551
0.313814
0.375167
0.261279
0.378332
0.350297
0.274305
0.253962
0.210979
0.206505
0.207927
0.174473
0.202041
0.253973
0.199375
0.258273
0.23521
0.224308
0.219819
0.204178
0.212164
0.223609
0.197914
0.17375
0.201836
0.215433
0.254693
0.234332
0.236319
0.218454
0.257573
0.223446
0.218909
0.27784
0.233093
0.202815
0.246099
0.266337
0.346056
0.605751
0.803173
0.867278
0.311504
0.339855
0.592479
0.780564
0.286608
0.255342
0.194333
0.20583
0.205177
0.213974
0.182646
0.172901
0.224852
0.231656
0.200885
0.249121
0.193102
0.200838
0.217875
0.203287
0.179899
0.197268
0.219661
0.208823
0.189471
0.290411
0.333226
0.348781
0.416809
0.367029
0.372811
0.329898
0.301914
0.301609
0.279284
0.279866
0.369076
0.289496
0.288972
0.291836
0.272226
0.361184
1.097063
1.190952
1.295821
1.089252
0.71611
1.117904
1.474099
2.734216
1.391773
1.64297
0.963437
0.828486
0.544803
0.264161
0.273291
0.250363
0.261128
0.217312
0.199933
0.210731
0.216337
0.19576
0.231254
0.2091
0.201131
0.214381
0.352564
0.236932
0.210217
0.204427
0.181391
0.173823
0.237186
0.221634
0.256904
0.230486
0.190088
0.195422
0.257429
0.270798
0.29056
0.234946
0.223746
0.204163
0.458374
0.43685
0.325187
0.417646
0.254057
0.364085
0.243499
0.239207
0.225933
0.225668
0.317151
0.308044
0.269047
0.206296
0.205863
0.217747
0.172768
0.200558
0.22639
0.24839
0.212588
0.180068
0.186053
0.20231
0.226843
0.441056
0.316781
0.310263
0.210917
0.286582
0.228604
0.197473
0.18659
0.174334
0.202666
0.211538
0.209573
0.224133
0.196719
0.213703
0.174859
0.225034
7.383212
0.98495
1.488703
1.123902
0.666257
1.199356
1.09305
0.909458
1.273798
1.6152
1.487918
1.28686
0.385628
0.720849
0.281708
0.212256
0.255275
0.264704
0.324018
0.26151
0.197748
0.277151
0.226856
0.188842
0.202544
0.208769
0.207801
0.180354
0.170676
0.245384
0.736933
0.537124
0.682488
0.270708
0.248435
0.212847
0.18638
0.209093
0.2306
0.194225
0.24623
0.177142
0.251076
0.258875
0.274448
0.232224
0.243858
0.239971
0.211599
0.177063
0.159043
0.243101
0.242862
0.209994
0.29232
0.278562
0.225451
0.206439
0.249631
0.166858
0.18326
0.229926
0.171225
0.170955
0.24298
0.25851
0.223162
0.202157
0.196391
0.184398
0.219117
0.262162
0.276952
0.241192
0.266748
0.259377
0.232694
0.228416
0.319776
0.933098
0.260042
0.210486
0.199598
0.19244
0.17874
0.231844
0.236606
0.284902
0.193854
0.212046
0.222437
0.201638
0.183828
0.166642
0.254199
0.227844
0.185755
0.212987
0.236196
0.214482
0.201241
0.231028
0.205539
0.248526
0.237773
0.30471
0.212508
1.126571
0.256465
0.290416
0.26356
0.23284
0.310572
0.276965
0.169453
0.226706
0.228583
0.407636
3.977631
1.406985
1.115923
0.901799
6.146846
0.413734
0.313195
0.526715
0.219263
0.237427
0.243492
0.217791
0.209596
0.276417
0.21105
0.22256
0.279109
0.314558
0.216747
0.203037
0.179072
0.307293
12.661984
1.011423
0.462544
0.447552
0.433171
0.422475
0.360415
0.345809
0.346104
0.343111
0.34389
0.344737
0.339683
0.340559
0.33373
0.337434
0.334667
0.325772
0.324957
0.328518
0.347265
0.322223
0.328371
0.327124
0.330826
0.325108
0.327422
0.341207
0.344973
0.335017
0.423001
0.349003
0.343187
0.342494
0.408174
0.401338
0.350577
0.350722
0.347935
0.336441
0.33393
0.36237
0.33544
0.322729
0.324059
0.326981
0.33356
0.338521
0.351062
0.327237
0.323326
0.323299
0.332173
0.34451
0.322689
0.32323
0.328298
0.32877
0.32228
0.322449
0.327731
0.325041
0.32908
0.354559
0.321887
0.325743
0.324208
0.379874
0.328171
0.334367
0.33907
0.507284
0.503644
0.501711
0.439209
0.403185
0.374507
0.39761
0.334202
0.394338
0.353181
0.398076
0.346971
0.421859
0.345575
0.404606
0.362009
0.403454
0.352719
0.441341
0.357682
0.405402
0.357711
0.405907
0.370903
0.4115
0.374785
0.400949
0.361776
0.40941
0.392022
0.415366
0.392369
0.415426
0.354337
0.404862
0.361052
0.345565
0.343065
0.373449
0.338944
0.335398
0.339151
0.353724
0.340241
0.329788
0.349412
0.34075
0.336975
0.33609
0.329531
0.339439
0.331919
0.336041
0.329001
0.344427
0.337685
0.340066
0.328667
0.333021
0.33534
0.374816
0.340554
0.333222
0.326329
0.391334
0.385594
0.344804
0.456724
1.743037
0.562359
0.542333
0.608194
0.506909
0.668965
0.518411
0.567689
2.66546
0.801158
0.47325
0.475369
0.36515
0.369997
0.331418
0.32599
0.318106
0.319295
0.321961
0.320026
0.363854
0.350635
0.354595
0.337545
0.346918
0.333291
0.329607
0.360722
0.334325
0.334271
0.33383
0.32777
0.337741
0.325124
0.324148
0.355729
0.322525
0.313215
0.322498
0.310417
0.325464
0.315967
0.358849
0.306606
0.323061
0.310802
0.329718
0.31443
0.320275
0.304847
0.342819
0.322715
0.324359
0.305312
0.315678
0.30606
0.323937
0.321473
0.330088
0.347133
0.350461
0.311131
0.320562
0.325453
0.323897
0.344291
0.329543
0.326417
0.318027
0.319967
0.329447
0.326025
0.354272
0.322533
0.324513
0.326059
0.32185
0.32141
0.327242
0.317522
0.344673
0.328482
0.326725
0.321424
0.321092
0.32693
0.318046
0.317215
0.323428
0.321181
0.32842
0.328451
0.816693
0.330973
0.467626
0.366246
0.319344
0.328039
0.374015
0.298773
0.2992
0.30484
0.305778
0.299169
0.287835
0.31241
0.295721
0.299732
0.297401
0.300633
0.303737
0.296341
0.292038
0.31117
0.2997
0.307575
0.295884
0.29883
0.299053
0.299011
0.301127
0.294925
0.299073
0.293051
0.29375
0.294563
0.301944
0.299982
0.293336
0.302907
0.426357
0.453363
0.478946
0.545933
0.396101
0.361691
0.478734
0.454094
0.317547
0.385774
0.319718
0.37852
0.322093
0.385717
0.319787
0.381162
1.156816
0.387588
0.347486
0.379516
0.319807
0.380068
0.313334
0.370721
0.310887
0.371534
0.353388
0.354993
0.309816
0.354862
0.293436
0.365555
0.318725
0.402751
0.344862
0.411148
0.318288
0.374867
0.308125
0.40255
0.309475
0.360858
0.304205
0.372239
0.300844
0.352811
0.34224
0.365658
0.307334
0.362811
0.952913
0.43549
0.45082
0.429492
0.533482
0.372122
0.359659
0.316288
0.371065
0.302187
0.373658
0.315366
0.359898
0.312513
0.363611
0.325631
0.395367
0.389162
0.37571
0.374124
0.36078
0.365493
0.370656
0.370415
0.362555
0.362903
0.364217
0.359633
0.373938
0.366961
0.366085
0.36266
0.359653
0.366531
0.362537
0.361526
0.361401
0.361474
0.36468
0.367105
0.362883
0.35202
2.530324
0.451358
0.370243
2.538946
0.519145
0.459221
0.565359
1.100407
0.484959
0.52376
1.62066
0.382663
0.366983
0.361704
0.346405
0.355281
0.341142
0.35094
0.362537
0.351553
0.33751
0.347853
0.334235
0.347015
0.407874
2.779088
0.459626
0.459689
0.438283
0.428732
0.434242
0.421484
0.442336
0.402664
0.491681
0.453419
0.460709
0.382532
0.372104
0.657631
0.408945
0.360279
0.351967
0.355339
0.344561
0.343512
0.379184
0.422263
0.445786
0.426469
0.281779
0.271651
0.28785
0.294901
0.450608
0.404022
0.438924
0.388389
0.392882
0.454546
0.382026
0.394093
0.487548
0.383948
0.457931
0.279445
0.272703
0.270389
0.268335
0.264562
0.302376
0.255853
0.254228
0.257729
1.043677
0.300884
0.392466
0.34482
0.351684
0.358266
0.342866
0.349844
0.334654
0.428604
0.337659
0.324977
0.32168
0.323672
0.323391
0.320839
0.318876
0.323021
0.322952
0.321289
0.322705
0.331021
0.318317
0.318969
0.336162
0.317223
0.316504
0.317219
0.318281
0.316618
0.34714
0.327284
0.348885
0.339409
0.320923
0.33501
0.318685
0.34171
0.321449
0.398488
0.40672
0.481037
0.371988
0.278103
0.277845
0.275474
0.302013
0.273436
0.275211
0.277623
0.264889
0.264266
0.274082
0.263958
0.271041
0.288185
0.254332
0.263202
0.267043
0.263622
0.261825
0.268981
0.262878
0.275589
0.261624
0.263936
0.263292
0.266789
0.261921
0.254891
0.265772
0.25837
0.262155
0.287293
0.2576
0.255818
0.26627
0.261181
0.267377
0.267484
0.261677
0.253089
0.312437
0.273282
0.276416
0.265183
0.259836
0.249706
0.252608
0.266667
0.265375
0.280609
0.25743
0.24996
0.251937
0.280268
0.26852
0.260738
0.260127
0.272054
0.258553
0.27003
0.274867
0.296232
0.351377
0.300305
0.327497
0.304434
0.304951
0.317876
0.315965
0.334119
0.317088
0.31738
0.317649
0.31778
0.32019
1.141528
0.334093
0.319046
0.346628
0.321979
0.41719
0.322297
0.324839
0.320756
0.322474
0.308354
0.313691
0.301501
0.316778
0.320458
0.323802
0.322001
0.328743
0.318484
0.330427
0.323932
0.321373
0.312724
3.52213
0.414509
0.399354
0.395328
0.399755
0.384175
0.368749
0.361862
0.354354
0.350971
0.352755
0.38042
0.377599
0.397688
0.429835
0.401156
0.385224
0.410114
4.263947
0.444354
0.474373
0.391864
0.419542
0.391699
0.418248
0.412354
0.417468
0.370246
0.38959
0.366183
0.369861
0.365484
0.366117
0.373447
0.378612
0.359992
0.384122
0.396387
0.430926
0.569199
0.28118
0.2667
0.259829
0.251374
0.248074
0.249499
0.245111
0.243523
0.243311
0.241659
0.245643
0.243917
0.243167
0.240185
0.23585
0.235694
0.234594
0.235841
0.239507
0.232857
0.239253
0.243585
0.238766
0.244062
0.232173
0.231128
0.240612
0.234028
0.241919
0.255586
0.23381
0.234478
0.237897
0.23847
0.239403
0.242213
0.234594
0.235558
0.247739
0.27756
0.249414
0.250811
0.295884
0.25331
0.25329
0.267246
0.258975
0.252139
0.334638
0.258034
0.29028
0.269371
0.29431
0.254392
0.296565
0.249089
0.294969
0.256887
0.306893
0.253249
0.296606
0.255089
0.292942
0.246441
0.293478
0.276885
0.302406
0.255974
0.295488
0.316705
0.312967
0.263161
0.306949
0.329832
0.308782
0.296084
0.305893
0.307089
0.302444
0.303876
0.297759
0.329467
0.300029
0.303272
0.344133
0.348859
0.330616
0.30356
0.323778
0.304809
0.314232
0.304152
0.316261
0.303492
0.30374
0.296838
0.336108
0.301087
0.3109
0.296182
0.315335
0.303825
0.311049
0.298087
0.34671
0.309852
0.307753
0.309261
0.311825
0.299608
0.313892
0.302392
0.32254
0.293697
0.31425
0.297842
0.322569
0.30174
0.30807
0.29939
0.34877
0.304325
0.311711
0.29859
0.363147
0.37724
0.432979
0.372348
0.262495
0.255528
0.261553
0.246258
0.248588
0.245984
0.247121
0.250869
0.274375
0.2428
0.240779
0.244097
0.250715
0.248639
0.259114
0.244327
0.241621
0.247732
0.30688
0.255345
0.245096
0.239677
0.238739
0.254577
0.247332
0.240089
0.240124
0.242142
0.259705
0.24188
0.241171
0.239287
0.242966
0.241777
0.234781
0.237606
0.246643
0.244414
0.261733
0.246229
0.237289
1.528928
0.404551
0.450115
0.37387
0.263089
0.2803
0.25292
1.098176
0.301599
0.271184
0.354675
0.258582
0.262261
0.264653
0.260196
0.259624
0.278143
0.249804
0.241621
0.252334
0.324964
1.624747
0.364504
0.354698
0.342788
0.330464
0.348118
0.359315
0.383309
0.370616
0.376854
0.360845
0.367513
0.3744
0.397997
0.364255
0.37787
0.36501
0.359178
3.347338
0.327476
0.323754
0.354232
0.327012
0.317177
0.315709
0.320578
0.30768
0.306965
0.313544
0.321152
0.31296
0.316958
0.315622
0.312733
0.322137
0.322322
0.345238
0.328736
0.313502
0.320839
0.320555
0.582295
0.34747
0.332293
1.265608
0.343122
0.333627
0.329957
0.283935
0.33011
0.274705
0.322869
0.276905
0.309746
0.269825
0.319889
0.273987
0.302635
0.261306
0.311838
0.257992
0.30711
0.253014
0.30866
0.253686
0.29349
0.252111
0.299737
0.25123
0.298686
0.251608
0.288498
0.295503
0.296922
0.252807
0.296626
0.250721
0.294071
0.24698
0.286908
0.288264
0.311444
0.264384
0.31441
0.250559
0.302699
0.250031
0.304087
0.24532
0.317553
0.24449
0.30112
0.246904
0.298256
0.252381
0.309129
0.253367
0.328255
0.261472
0.309789
0.268967
0.311129
0.274005
0.304595
0.254528
0.315892
0.269359
0.309967
0.253036
0.30674
0.251976
0.309838
0.257497
0.315749
0.294608
0.315959
0.250572
0.307976
0.25707
0.309203
0.26027
0.316762
0.318404
0.311642
0.299345
0.319155
0.256187
0.316705
0.250541
0.306459
0.251708
0.331017
0.251043
0.315244
0.254369
0.303092
0.260584
0.302187
0.255312
0.318106
0.264702
0.30284
0.251958
0.31121
0.257067
0.311308
0.260388
0.316021
0.267994
0.310678
0.249954
0.313157
0.256152
0.303601
0.250216
0.309114
0.258288
0.30586
0.25515
0.309831
0.251454
0.306626
0.301054
0.315712
0.25196
1.564624
0.378146
0.373531
0.425551
0.406452
0.396541
0.359823
0.431725
0.27403
0.261698
0.259273
0.275505
0.254347
0.255172
0.243924
0.240069
0.238656
0.250107
0.257034
0.251568
0.252722
0.274826
0.243853
0.247519
0.248156
0.243599
0.2444
0.241305
0.258129
0.24363
